1,1,724,252,213,69,1,1,1
1,2,1216,192,188,88,1,1,1
1,3,926,419,192,64,1,1,1
1,4,823,594,78,196,1,1,1
1,5,845,701,54,192,1,1,1
1,6,929,794,59,159,1,1,1
1,7,1000,843,110,45,1,1,1
1,8,1012,696,98,116,1,1,1
1,9,1123,565,68,216,1,1,1
1,10,1172,819,76,152,1,1,1
2,1,731,249,213,69,1,1,1
2,2,1239,201,188,88,1,1,1
2,3,923,415,192,64,1,1,1
2,4,831,611,78,196,1,1,1
2,5,850,693,54,192,1,1,1
2,6,935,795,59,159,1,1,1
2,7,998,846,110,45,1,1,1
2,8,1022,702,98,116,1,1,1
2,9,1122,554,68,216,1,1,1
2,10,1178,820,76,152,1,1,1
3,1,731,252,213,69,1,1,1
3,2,1244,202,188,88,1,1,1
3,3,920,412,192,64,1,1,1
3,4,833,610,78,196,1,1,1
3,5,851,693,54,192,1,1,1
3,6,934,789,59,159,1,1,1
3,7,993,848,110,45,1,1,1
3,8,1025,702,98,116,1,1,1
3,9,1120,544,71,227,1,1,1
3,10,1179,819,76,152,1,1,1
4,1,732,254,213,69,1,1,1
4,2,1245,203,197,92,1,1,1
4,3,917,410,192,64,1,1,1
4,4,832,610,78,196,1,1,1
4,5,852,696,51,183,1,1,1
4,6,932,787,62,167,1,1,1
4,7,988,848,105,43,1,1,1
4,8,1028,702,98,116,1,1,1
4,9,1119,537,75,238,1,1,1
4,10,1175,813,80,160,1,1,1
5,1,732,258,213,69,1,1,1
5,2,1250,204,197,92,1,1,1
5,3,900,413,192,64,1,1,1
5,4,834,610,78,196,1,1,1
5,5,854,697,51,183,1,1,1
5,6,932,790,62,167,1,1,1
5,7,982,847,105,43,1,1,1
5,8,1025,701,103,122,1,1,1
5,9,1118,535,75,238,1,1,1
5,10,1175,816,80,160,1,1,1
6,1,733,260,213,69,1,1,1
6,2,1254,204,197,92,1,1,1
6,3,891,414,192,64,1,1,1
6,4,834,610,78,196,1,1,1
6,5,852,682,51,183,1,1,1
6,6,933,790,62,167,1,1,1
6,7,979,846,105,43,1,1,1
6,8,1027,701,103,122,1,1,1
6,9,1117,528,79,250,1,1,1
6,10,1174,817,80,160,1,1,1
7,1,731,263,213,69,1,1,1
7,2,1260,207,197,92,1,1,1
7,3,883,416,192,64,1,1,1
7,4,832,606,82,206,1,1,1
7,5,851,682,51,183,1,1,1
7,6,933,790,62,167,1,1,1
7,7,974,845,110,45,1,1,1
7,8,1028,702,103,122,1,1,1
7,9,1119,523,79,250,1,1,1
7,10,1174,818,80,160,1,1,1
8,1,731,266,213,69,1,1,1
8,2,1264,206,197,92,1,1,1
8,3,881,417,183,61,1,1,1
8,4,832,608,82,206,1,1,1
8,5,851,682,51,183,1,1,1
8,6,933,789,62,167,1,1,1
8,7,975,844,110,45,1,1,1
8,8,1027,701,103,122,1,1,1
8,9,1119,521,79,250,1,1,1
8,10,1174,818,80,160,1,1,1
9,1,733,269,213,69,1,1,1
9,2,1262,204,207,97,1,1,1
9,3,871,419,192,64,1,1,1
9,4,832,612,82,206,1,1,1
9,5,850,677,51,183,1,1,1
9,6,936,791,62,167,1,1,1
9,7,976,846,110,45,1,1,1
9,8,1029,703,103,122,1,1,1
9,9,1120,516,79,250,1,1,1
9,10,1174,817,80,160,1,1,1
10,1,724,270,224,72,1,1,1
10,2,1259,203,207,97,1,1,1
10,3,867,420,192,64,1,1,1
10,4,836,615,78,196,1,1,1
10,5,850,673,51,183,1,1,1
10,6,940,794,62,167,1,1,1
10,7,971,846,115,47,1,1,1
10,8,1029,707,103,122,1,1,1
10,9,1120,513,79,250,1,1,1
10,10,1174,818,80,160,1,1,1
11,1,729,272,224,72,1,1,1
11,2,1259,200,207,97,1,1,1
11,3,869,420,183,61,1,1,1
11,4,836,614,78,196,1,1,1
11,5,850,668,51,183,1,1,1
11,6,941,794,65,175,1,1,1
11,7,976,850,110,45,1,1,1
11,8,1027,705,108,128,1,1,1
11,9,1123,512,75,238,1,1,1
11,10,1174,817,80,160,1,1,1
12,1,734,276,224,72,1,1,1
12,2,1270,205,197,92,1,1,1
12,3,869,424,183,61,1,1,1
12,4,834,618,78,196,1,1,1
12,5,848,658,54,192,1,1,1
12,6,940,789,68,184,1,1,1
12,7,985,856,115,47,1,1,1
12,8,1029,706,108,128,1,1,1
12,9,1124,506,75,238,1,1,1
12,10,1175,817,80,160,1,1,1
13,1,732,278,235,76,1,1,1
13,2,1272,206,197,92,1,1,1
13,3,874,425,183,61,1,1,1
13,4,836,619,78,196,1,1,1
13,5,848,659,54,192,1,1,1
13,6,942,792,65,175,1,1,1
13,7,993,862,110,45,1,1,1
13,8,1033,712,103,122,1,1,1
13,9,1124,495,79,250,1,1,1
13,10,1172,819,80,160,1,1,1
14,1,726,280,247,80,1,1,1
14,2,1277,207,197,92,1,1,1
14,3,852,433,192,64,1,1,1
14,4,836,620,78,196,1,1,1
14,5,846,662,54,192,1,1,1
14,6,942,792,65,175,1,1,1
14,7,1006,871,105,43,1,1,1
14,8,1036,716,103,122,1,1,1
14,9,1126,487,79,250,1,1,1
14,10,1170,820,80,160,1,1,1
15,1,720,280,247,80,1,1,1
15,2,1282,211,197,92,1,1,1
15,3,848,436,192,64,1,1,1
15,4,836,621,78,196,1,1,1
15,5,846,662,51,183,1,1,1
15,6,941,790,65,175,1,1,1
15,7,1011,875,100,41,1,1,1
15,8,1042,725,98,116,1,1,1
15,9,1126,483,79,250,1,1,1
15,10,1169,819,80,160,1,1,1
16,1,717,282,247,80,1,1,1
16,2,1290,214,197,92,1,1,1
16,3,845,439,192,64,1,1,1
16,4,835,621,78,196,1,1,1
16,5,846,667,51,183,1,1,1
16,6,936,785,68,184,1,1,1
16,7,1012,880,100,41,1,1,1
16,8,1049,736,93,110,1,1,1
16,9,1128,479,79,250,1,1,1
16,10,1169,825,76,152,1,1,1
17,1,716,284,247,80,1,1,1
17,2,1296,219,197,92,1,1,1
17,3,845,448,183,61,1,1,1
17,4,834,618,78,196,1,1,1
17,5,842,656,54,192,1,1,1
17,6,937,784,68,184,1,1,1
17,7,1012,879,100,41,1,1,1
17,8,1051,739,93,110,1,1,1
17,9,1129,475,79,250,1,1,1
17,10,1167,824,76,152,1,1,1
18,1,713,285,247,80,1,1,1
18,2,1304,224,188,88,1,1,1
18,3,843,452,183,61,1,1,1
18,4,834,622,78,196,1,1,1
18,5,843,659,51,183,1,1,1
18,6,935,783,68,184,1,1,1
18,7,1014,880,100,41,1,1,1
18,8,1053,746,93,110,1,1,1
18,9,1130,468,79,250,1,1,1
18,10,1165,823,76,152,1,1,1
19,1,708,284,247,80,1,1,1
19,2,1302,226,188,88,1,1,1
19,3,837,452,192,64,1,1,1
19,4,835,626,74,187,1,1,1
19,5,844,657,51,183,1,1,1
19,6,933,779,68,184,1,1,1
19,7,1016,895,100,41,1,1,1
19,8,1055,747,93,110,1,1,1
19,9,1132,464,79,250,1,1,1
19,10,1162,822,76,152,1,1,1
20,1,710,286,235,76,1,1,1
20,2,1313,232,179,84,1,1,1
20,3,839,452,183,61,1,1,1
20,4,836,626,71,178,1,1,1
20,5,845,661,49,174,1,1,1
20,6,929,769,68,184,1,1,1
20,7,1012,894,100,41,1,1,1
20,8,1056,751,93,110,1,1,1
20,9,1134,468,75,238,1,1,1
20,10,1165,826,72,145,1,1,1
21,1,705,288,235,76,1,1,1
21,2,1313,234,179,84,1,1,1
21,3,833,454,192,64,1,1,1
21,4,835,625,71,178,1,1,1
21,5,845,660,49,174,1,1,1
21,6,929,771,68,184,1,1,1
21,7,1010,894,95,39,1,1,1
21,8,1056,751,93,110,1,1,1
21,9,1133,458,79,250,1,1,1
21,10,1164,824,72,145,1,1,1
22,1,703,288,235,76,1,1,1
22,2,1313,235,179,84,1,1,1
22,3,833,452,192,64,1,1,1
22,4,835,629,71,178,1,1,1
22,5,846,654,49,174,1,1,1
22,6,928,768,72,193,1,1,1
22,7,1011,892,90,37,1,1,1
22,8,1054,751,98,116,1,1,1
22,9,1135,460,79,250,1,1,1
22,10,1163,824,72,145,1,1,1
23,1,721,300,211,112,1,1,1
23,2,1349,236,131,149,1,1,1
23,3,853,433,122,102,1,1,1
23,4,810,597,71,178,1,1,1
23,5,834,652,94,185,1,1,1
23,6,929,846,131,58,1,1,1
23,7,970,826,128,128,1,1,1
23,8,1054,752,98,116,1,1,1
23,9,1137,456,79,250,1,1,1
23,10,1110,871,167,70,1,1,1
24,1,755,305,211,112,1,1,1
24,2,1367,237,131,149,1,1,1
24,3,856,435,122,102,1,1,1
24,4,822,614,71,178,1,1,1
24,5,835,646,94,185,1,1,1
24,6,938,850,131,58,1,1,1
24,7,974,825,128,128,1,1,1
24,8,1055,754,98,116,1,1,1
24,9,1139,453,79,250,1,1,1
24,10,1101,872,167,70,1,1,1
25,1,752,307,211,112,1,1,1
25,2,1371,241,131,149,1,1,1
25,3,854,438,122,102,1,1,1
25,4,822,620,71,178,1,1,1
25,5,835,646,94,185,1,1,1
25,6,940,849,131,58,1,1,1
25,7,973,827,128,128,1,1,1
25,8,1053,754,98,116,1,1,1
25,9,1139,447,83,263,1,1,1
25,10,1100,870,167,70,1,1,1
26,1,754,312,211,112,1,1,1
26,2,1372,246,131,149,1,1,1
26,3,852,440,122,102,1,1,1
26,4,822,616,75,187,1,1,1
26,5,833,642,99,194,1,1,1
26,6,944,846,131,58,1,1,1
26,7,977,826,128,128,1,1,1
26,8,1053,756,98,116,1,1,1
26,9,1146,454,79,250,1,1,1
26,10,1099,868,167,70,1,1,1
27,1,751,316,211,112,1,1,1
27,2,1377,256,131,149,1,1,1
27,3,849,441,122,102,1,1,1
27,4,822,614,75,187,1,1,1
27,5,833,641,99,194,1,1,1
27,6,946,845,131,58,1,1,1
27,7,979,823,128,128,1,1,1
27,8,1052,754,98,116,1,1,1
27,9,1149,452,79,250,1,1,1
27,10,1098,868,167,70,1,1,1
28,1,750,320,211,112,1,1,1
28,2,1378,262,131,149,1,1,1
28,3,849,439,122,102,1,1,1
28,4,825,620,71,178,1,1,1
28,5,832,639,99,194,1,1,1
28,6,949,842,131,58,1,1,1
28,7,981,822,128,128,1,1,1
28,8,1052,755,98,116,1,1,1
28,9,1155,457,75,238,1,1,1
28,10,1096,865,167,70,1,1,1
29,1,750,327,211,112,1,1,1
29,2,1378,262,131,149,1,1,1
29,3,847,443,122,102,1,1,1
29,4,826,610,71,178,1,1,1
29,5,832,650,124,181,1,1,1
29,6,911,838,178,61,1,1,1
29,7,981,823,128,128,1,1,1
29,8,1049,754,103,122,1,1,1
29,9,1157,453,75,238,1,1,1
29,10,1095,864,167,70,1,1,1
30,1,753,334,201,107,1,1,1
30,2,1374,261,138,156,1,1,1
30,3,844,447,122,102,1,1,1
30,4,833,629,71,178,1,1,1
30,5,829,645,124,181,1,1,1
30,6,923,836,178,61,1,1,1
30,7,985,824,122,122,1,1,1
30,8,1044,753,108,128,1,1,1
30,9,1161,457,71,227,1,1,1
30,10,1091,861,175,74,1,1,1
31,1,755,339,201,107,1,1,1
31,2,1377,268,138,156,1,1,1
31,3,843,447,122,102,1,1,1
31,4,832,630,71,178,1,1,1
31,5,829,644,124,181,1,1,1
31,6,927,834,178,61,1,1,1
31,7,984,825,122,122,1,1,1
31,8,1041,746,113,134,1,1,1
31,9,1166,454,68,216,1,1,1
31,10,1090,859,175,74,1,1,1
32,1,755,342,201,107,1,1,1
32,2,1379,270,138,156,1,1,1
32,3,839,448,122,102,1,1,1
32,4,833,627,71,178,1,1,1
32,5,829,646,124,181,1,1,1
32,6,928,832,178,61,1,1,1
32,7,984,822,122,122,1,1,1
32,8,1039,747,113,134,1,1,1
32,9,1165,441,68,216,1,1,1
32,10,1090,857,175,74,1,1,1
33,1,755,346,201,107,1,1,1
33,2,1381,276,138,156,1,1,1
33,3,842,447,122,102,1,1,1
33,4,832,620,71,178,1,1,1
33,5,827,646,124,181,1,1,1
33,6,934,830,178,61,1,1,1
33,7,985,820,122,122,1,1,1
33,8,1040,745,113,134,1,1,1
33,9,1158,421,71,227,1,1,1
33,10,1088,855,175,74,1,1,1
34,1,754,349,201,107,1,1,1
34,2,1387,288,131,149,1,1,1
34,3,843,450,122,102,1,1,1
34,4,833,618,71,178,1,1,1
34,5,826,645,124,181,1,1,1
34,6,945,830,170,58,1,1,1
34,7,986,820,122,122,1,1,1
34,8,1039,747,113,134,1,1,1
34,9,1165,440,71,227,1,1,1
34,10,1083,851,184,77,1,1,1
35,1,753,353,201,107,1,1,1
35,2,1385,286,138,156,1,1,1
35,3,841,448,128,107,1,1,1
35,4,831,622,75,187,1,1,1
35,5,831,631,124,181,1,1,1
35,6,947,828,170,58,1,1,1
35,7,987,820,116,116,1,1,1
35,8,1039,748,113,134,1,1,1
35,9,1159,432,71,227,1,1,1
35,10,1085,850,184,77,1,1,1
36,1,751,352,201,107,1,1,1
36,2,1385,293,138,156,1,1,1
36,3,840,446,128,107,1,1,1
36,4,832,620,75,187,1,1,1
36,5,838,618,124,181,1,1,1
36,6,950,827,161,55,1,1,1
36,7,987,818,116,116,1,1,1
36,8,1040,749,113,134,1,1,1
36,9,1152,427,71,227,1,1,1
36,10,1087,849,184,77,1,1,1
37,1,750,355,201,107,1,1,1
37,2,1387,295,138,156,1,1,1
37,3,841,444,128,107,1,1,1
37,4,834,625,71,178,1,1,1
37,5,840,610,130,190,1,1,1
37,6,948,826,161,55,1,1,1
37,7,987,816,116,116,1,1,1
37,8,1039,734,113,134,1,1,1
37,9,1138,410,71,227,1,1,1
37,10,1088,848,184,77,1,1,1
38,1,750,358,201,107,1,1,1
38,2,1387,296,138,156,1,1,1
38,3,843,445,128,107,1,1,1
38,4,833,626,71,178,1,1,1
38,5,838,608,130,190,1,1,1
38,6,948,825,161,55,1,1,1
38,7,989,815,116,116,1,1,1
38,8,1038,746,113,134,1,1,1
38,9,1136,406,71,227,1,1,1
38,10,1089,848,184,77,1,1,1
39,1,775,312,136,183,1,1,1
39,2,1389,300,138,184,1,1,1
39,3,855,437,128,107,1,1,1
39,4,833,623,71,178,1,1,1
39,5,836,645,167,76,1,1,1
39,6,963,804,161,55,1,1,1
39,7,972,868,116,116,1,1,1
39,8,1063,723,86,149,1,1,1
39,9,1095,422,150,165,1,1,1
39,10,1095,849,175,74,1,1,1
40,1,791,342,136,183,1,1,1
40,2,1396,298,138,184,1,1,1
40,3,845,437,128,107,1,1,1
40,4,833,626,71,178,1,1,1
40,5,846,643,167,76,1,1,1
40,6,966,808,161,55,1,1,1
40,7,974,867,116,116,1,1,1
40,8,1061,730,86,149,1,1,1
40,9,1087,414,150,165,1,1,1
40,10,1101,851,175,74,1,1,1
41,1,792,344,136,183,1,1,1
41,2,1397,301,138,184,1,1,1
41,3,848,438,128,107,1,1,1
41,4,832,625,71,178,1,1,1
41,5,844,641,175,80,1,1,1
41,6,963,807,161,55,1,1,1
41,7,974,868,116,116,1,1,1
41,8,1062,725,86,149,1,1,1
41,9,1086,413,150,165,1,1,1
41,10,1102,851,175,74,1,1,1
42,1,791,346,136,183,1,1,1
42,2,1400,311,138,184,1,1,1
42,3,850,439,128,107,1,1,1
42,4,830,621,75,187,1,1,1
42,5,848,640,175,80,1,1,1
42,6,967,804,161,55,1,1,1
42,7,973,875,116,116,1,1,1
42,8,1062,723,86,149,1,1,1
42,9,1084,412,150,165,1,1,1
42,10,1108,851,175,74,1,1,1
43,1,789,344,136,183,1,1,1
43,2,1399,315,138,184,1,1,1
43,3,857,441,122,102,1,1,1
43,4,830,622,75,187,1,1,1
43,5,851,639,175,80,1,1,1
43,6,967,803,161,55,1,1,1
43,7,971,876,116,116,1,1,1
43,8,1064,719,86,149,1,1,1
43,9,1085,411,150,165,1,1,1
43,10,1115,854,175,74,1,1,1
44,1,788,344,136,183,1,1,1
44,2,1401,323,138,184,1,1,1
44,3,866,448,116,97,1,1,1
44,4,830,620,75,187,1,1,1
44,5,855,639,175,80,1,1,1
44,6,966,799,161,55,1,1,1
44,7,965,875,122,122,1,1,1
44,8,1067,717,86,149,1,1,1
44,9,1084,407,150,165,1,1,1
44,10,1113,851,184,77,1,1,1
45,1,787,340,136,183,1,1,1
45,2,1404,335,138,184,1,1,1
45,3,859,450,116,97,1,1,1
45,4,830,620,75,187,1,1,1
45,5,856,637,175,80,1,1,1
45,6,958,794,169,58,1,1,1
45,7,962,875,128,128,1,1,1
45,8,1070,712,86,149,1,1,1
45,9,1081,404,150,165,1,1,1
45,10,1110,849,193,81,1,1,1
46,1,787,342,136,183,1,1,1
46,2,1406,340,138,184,1,1,1
46,3,853,456,116,97,1,1,1
46,4,829,633,71,178,1,1,1
46,5,853,635,184,84,1,1,1
46,6,951,790,178,61,1,1,1
46,7,958,874,128,128,1,1,1
46,8,1072,710,86,149,1,1,1
46,9,1083,403,150,165,1,1,1
46,10,1113,849,193,81,1,1,1
47,1,787,346,136,183,1,1,1
47,2,1407,350,138,184,1,1,1
47,3,848,465,116,97,1,1,1
47,4,830,641,68,170,1,1,1
47,5,858,634,184,84,1,1,1
47,6,943,786,186,64,1,1,1
47,7,958,875,128,128,1,1,1
47,8,1074,706,86,149,1,1,1
47,9,1078,397,150,165,1,1,1
47,10,1115,849,193,81,1,1,1
48,1,785,351,136,183,1,1,1
48,2,1408,357,138,184,1,1,1
48,3,842,470,116,97,1,1,1
48,4,830,639,68,170,1,1,1
48,5,860,633,184,84,1,1,1
48,6,940,782,196,67,1,1,1
48,7,960,878,128,128,1,1,1
48,8,1075,704,86,149,1,1,1
48,9,1079,398,150,165,1,1,1
48,10,1117,849,193,81,1,1,1
49,1,785,352,136,183,1,1,1
49,2,1408,363,138,184,1,1,1
49,3,837,471,116,97,1,1,1
49,4,830,639,68,170,1,1,1
49,5,865,631,184,84,1,1,1
49,6,943,779,196,67,1,1,1
49,7,960,883,128,128,1,1,1
49,8,1079,700,86,149,1,1,1
49,9,1076,393,150,165,1,1,1
49,10,1120,850,193,81,1,1,1
50,1,786,355,106,183,1,1,1
50,2,1407,372,138,184,1,1,1
50,3,832,373,83,149,1,1,1
50,4,829,641,68,170,1,1,1
50,5,865,631,193,88,1,1,1
50,6,948,776,196,67,1,1,1
50,7,961,880,128,128,1,1,1
50,8,1065,733,86,149,1,1,1
50,9,1072,421,181,133,1,1,1
50,10,1133,829,184,77,1,1,1
51,1,793,354,106,183,1,1,1
51,2,1402,367,145,193,1,1,1
51,3,816,365,83,149,1,1,1
51,4,830,643,68,170,1,1,1
51,5,866,629,203,92,1,1,1
51,6,962,775,186,64,1,1,1
51,7,962,885,128,128,1,1,1
51,8,1063,736,86,149,1,1,1
51,9,1072,419,181,133,1,1,1
51,10,1130,835,184,77,1,1,1
52,1,792,353,106,183,1,1,1
52,2,1402,371,145,193,1,1,1
52,3,814,366,83,149,1,1,1
52,4,828,644,68,170,1,1,1
52,5,868,628,203,92,1,1,1
52,6,964,772,186,64,1,1,1
52,7,961,885,128,128,1,1,1
52,8,1065,734,86,149,1,1,1
52,9,1072,418,181,133,1,1,1
52,10,1131,834,184,77,1,1,1
53,1,791,354,106,183,1,1,1
53,2,1397,375,152,203,1,1,1
53,3,813,368,83,149,1,1,1
53,4,826,637,71,178,1,1,1
53,5,867,627,203,92,1,1,1
53,6,959,769,196,67,1,1,1
53,7,961,887,128,128,1,1,1
53,8,1068,732,86,149,1,1,1
53,9,1071,418,181,133,1,1,1
53,10,1133,834,184,77,1,1,1
54,1,791,354,106,183,1,1,1
54,2,1402,393,145,193,1,1,1
54,3,815,377,83,149,1,1,1
54,4,827,648,68,170,1,1,1
54,5,867,630,203,92,1,1,1
54,6,960,767,196,67,1,1,1
54,7,959,888,128,128,1,1,1
54,8,1071,730,86,149,1,1,1
54,9,1067,414,181,133,1,1,1
54,10,1133,834,184,77,1,1,1
55,1,792,357,106,183,1,1,1
55,2,1401,400,145,193,1,1,1
55,3,812,314,83,149,1,1,1
55,4,828,646,68,170,1,1,1
55,5,867,629,203,92,1,1,1
55,6,949,763,205,70,1,1,1
55,7,956,888,128,128,1,1,1
55,8,1073,726,86,149,1,1,1
55,9,1061,410,181,133,1,1,1
55,10,1135,837,184,77,1,1,1
56,1,793,363,106,183,1,1,1
56,2,1403,406,145,193,1,1,1
56,3,808,317,83,149,1,1,1
56,4,827,648,68,170,1,1,1
56,5,870,630,213,97,1,1,1
56,6,943,760,216,74,1,1,1
56,7,954,891,128,128,1,1,1
56,8,1076,723,86,149,1,1,1
56,9,1059,411,181,133,1,1,1
56,10,1143,840,175,73,1,1,1
57,1,793,365,106,183,1,1,1
57,2,1398,410,152,203,1,1,1
57,3,810,313,83,149,1,1,1
57,4,825,649,68,170,1,1,1
57,5,871,628,213,97,1,1,1
57,6,955,756,216,74,1,1,1
57,7,953,894,128,128,1,1,1
57,8,1078,721,86,149,1,1,1
57,9,1059,411,181,133,1,1,1
57,10,1146,843,167,70,1,1,1
58,1,793,364,106,183,1,1,1
58,2,1398,419,152,203,1,1,1
58,3,809,304,87,156,1,1,1
58,4,824,649,68,170,1,1,1
58,5,870,628,213,97,1,1,1
58,6,956,750,227,77,1,1,1
58,7,947,896,128,128,1,1,1
58,8,1081,716,86,149,1,1,1
58,9,1057,410,181,133,1,1,1
58,10,1147,842,167,70,1,1,1
59,1,788,353,111,192,1,1,1
59,2,1398,425,152,203,1,1,1
59,3,809,299,87,156,1,1,1
59,4,826,633,68,170,1,1,1
59,5,865,625,224,102,1,1,1
59,6,958,748,227,77,1,1,1
59,7,938,899,122,122,1,1,1
59,8,1086,714,86,149,1,1,1
59,9,1057,409,181,133,1,1,1
59,10,1151,842,159,67,1,1,1
60,1,789,363,106,183,1,1,1
60,2,1398,428,152,203,1,1,1
60,3,808,289,87,156,1,1,1
60,4,828,630,68,170,1,1,1
60,5,864,628,224,102,1,1,1
60,6,961,743,227,77,1,1,1
60,7,938,903,116,116,1,1,1
60,8,1092,716,82,142,1,1,1
60,9,1057,408,181,133,1,1,1
60,10,1149,841,159,67,1,1,1
61,1,790,373,101,174,1,1,1
61,2,1397,429,152,203,1,1,1
61,3,803,280,92,164,1,1,1
61,4,826,639,68,170,1,1,1
61,5,863,628,224,102,1,1,1
61,6,968,738,227,77,1,1,1
61,7,938,907,110,110,1,1,1
61,8,1094,713,82,142,1,1,1
61,9,1053,405,190,140,1,1,1
61,10,1149,840,159,67,1,1,1
62,1,790,376,101,174,1,1,1
62,2,1399,435,152,203,1,1,1
62,3,803,271,92,164,1,1,1
62,4,827,638,68,170,1,1,1
62,5,878,625,235,107,1,1,1
62,6,958,735,238,81,1,1,1
62,7,937,911,110,110,1,1,1
62,8,1099,710,82,142,1,1,1
62,9,1049,403,190,140,1,1,1
62,10,1148,839,159,67,1,1,1
63,1,793,380,101,174,1,1,1
63,2,1398,443,152,203,1,1,1
63,3,803,268,92,164,1,1,1
63,4,825,640,68,170,1,1,1
63,5,885,624,235,107,1,1,1
63,6,970,728,238,81,1,1,1
63,7,937,906,116,116,1,1,1
63,8,1022,814,103,77,1,1,1
63,9,1043,399,200,147,1,1,1
63,10,1140,773,146,129,1,1,1
64,1,791,376,106,183,1,1,1
64,2,1398,450,152,203,1,1,1
64,3,805,270,87,156,1,1,1
64,4,824,640,68,170,1,1,1
64,5,889,623,235,107,1,1,1
64,6,968,724,238,81,1,1,1
64,7,939,906,116,116,1,1,1
64,8,1025,815,103,77,1,1,1
64,9,1037,399,200,147,1,1,1
64,10,1141,776,146,129,1,1,1
65,1,789,377,106,183,1,1,1
65,2,1399,454,152,203,1,1,1
65,3,804,263,92,164,1,1,1
65,4,823,632,71,178,1,1,1
65,5,890,624,235,107,1,1,1
65,6,970,722,238,81,1,1,1
65,7,938,907,116,116,1,1,1
65,8,1021,818,103,77,1,1,1
65,9,1037,398,200,147,1,1,1
65,10,1144,780,146,129,1,1,1
66,1,790,382,101,174,1,1,1
66,2,1399,458,152,203,1,1,1
66,3,799,266,87,156,1,1,1
66,4,821,636,71,178,1,1,1
66,5,897,625,235,107,1,1,1
66,6,975,719,238,81,1,1,1
66,7,942,907,116,116,1,1,1
66,8,1016,815,108,81,1,1,1
66,9,1035,397,200,147,1,1,1
66,10,1146,783,146,129,1,1,1
67,1,787,381,101,174,1,1,1
67,2,1400,464,152,203,1,1,1
67,3,800,266,83,149,1,1,1
67,4,816,639,75,187,1,1,1
67,5,893,621,247,112,1,1,1
67,6,972,720,238,81,1,1,1
67,7,943,903,122,122,1,1,1
67,8,1014,815,108,81,1,1,1
67,9,1039,398,200,147,1,1,1
67,10,1148,787,146,129,1,1,1
68,1,789,390,96,166,1,1,1
68,2,1399,470,152,203,1,1,1
68,3,794,271,83,149,1,1,1
68,4,815,633,75,187,1,1,1
68,5,894,619,247,112,1,1,1
68,6,988,716,238,81,1,1,1
68,7,948,904,122,122,1,1,1
68,8,1013,815,108,81,1,1,1
68,9,1035,397,200,147,1,1,1
68,10,1146,787,146,129,1,1,1
69,1,807,409,96,166,1,1,1
69,2,1398,476,152,203,1,1,1
69,3,794,268,83,149,1,1,1
69,4,812,650,71,178,1,1,1
69,5,882,615,259,118,1,1,1
69,6,985,715,227,77,1,1,1
69,7,957,902,122,122,1,1,1
69,8,1010,813,108,81,1,1,1
69,9,1035,395,200,147,1,1,1
69,10,1148,787,146,129,1,1,1
70,1,812,413,96,166,1,1,1
70,2,1392,475,160,213,1,1,1
70,3,797,261,83,149,1,1,1
70,4,811,647,71,178,1,1,1
70,5,896,617,247,112,1,1,1
70,6,1001,716,216,74,1,1,1
70,7,961,904,122,122,1,1,1
70,8,1008,812,108,81,1,1,1
70,9,1026,392,210,154,1,1,1
70,10,1146,789,146,129,1,1,1
71,1,815,419,92,158,1,1,1
71,2,1392,479,160,213,1,1,1
71,3,806,251,79,142,1,1,1
71,4,812,645,71,178,1,1,1
71,5,902,618,247,112,1,1,1
71,6,996,717,216,74,1,1,1
71,7,963,905,122,122,1,1,1
71,8,1006,813,108,81,1,1,1
71,9,1029,389,210,154,1,1,1
71,10,1142,792,146,129,1,1,1
72,1,818,422,92,158,1,1,1
72,2,1393,482,160,213,1,1,1
72,3,810,241,83,149,1,1,1
72,4,809,648,71,178,1,1,1
72,5,916,621,235,107,1,1,1
72,6,1007,716,216,74,1,1,1
72,7,962,903,128,128,1,1,1
72,8,998,812,108,81,1,1,1
72,9,1028,390,210,154,1,1,1
72,10,1142,787,146,129,1,1,1
73,1,820,425,92,158,1,1,1
73,2,1393,487,160,213,1,1,1
73,3,810,232,87,156,1,1,1
73,4,810,654,68,170,1,1,1
73,5,925,625,224,102,1,1,1
73,6,1006,716,216,74,1,1,1
73,7,960,903,128,128,1,1,1
73,8,995,810,108,81,1,1,1
73,9,1027,389,210,154,1,1,1
73,10,1137,787,153,135,1,1,1
74,1,823,426,92,158,1,1,1
74,2,1391,492,160,213,1,1,1
74,3,806,228,92,164,1,1,1
74,4,806,656,71,178,1,1,1
74,5,921,622,235,107,1,1,1
74,6,1014,717,216,74,1,1,1
74,7,963,905,128,128,1,1,1
74,8,989,809,108,81,1,1,1
74,9,1037,388,200,147,1,1,1
74,10,1137,786,153,135,1,1,1
75,1,826,428,92,158,1,1,1
75,2,1392,497,160,213,1,1,1
75,3,810,219,96,172,1,1,1
75,4,805,657,71,178,1,1,1
75,5,927,622,235,107,1,1,1
75,6,1013,719,205,70,1,1,1
75,7,970,908,122,122,1,1,1
75,8,988,807,108,81,1,1,1
75,9,1039,386,200,147,1,1,1
75,10,1139,787,153,135,1,1,1
76,1,829,428,92,158,1,1,1
76,2,1393,504,160,213,1,1,1
76,3,821,213,96,172,1,1,1
76,4,803,649,75,187,1,1,1
76,5,921,623,247,112,1,1,1
76,6,1002,716,216,74,1,1,1
76,7,970,910,122,122,1,1,1
76,8,988,806,108,81,1,1,1
76,9,1038,387,200,147,1,1,1
76,10,1142,795,146,129,1,1,1
77,1,832,421,96,166,1,1,1
77,2,1401,513,152,203,1,1,1
77,3,826,212,96,172,1,1,1
77,4,802,650,75,187,1,1,1
77,5,915,620,247,112,1,1,1
77,6,990,713,227,77,1,1,1
77,7,972,912,122,122,1,1,1
77,8,985,804,108,81,1,1,1
77,9,1035,383,200,147,1,1,1
77,10,1141,798,146,129,1,1,1
78,1,836,420,96,166,1,1,1
78,2,1406,525,145,193,1,1,1
78,3,835,213,96,172,1,1,1
78,4,802,650,75,187,1,1,1
78,5,920,621,247,112,1,1,1
78,6,1002,710,227,77,1,1,1
78,7,974,914,122,122,1,1,1
78,8,984,804,108,81,1,1,1
78,9,1019,385,200,147,1,1,1
78,10,1139,786,146,129,1,1,1
79,1,838,403,96,166,1,1,1
79,2,1404,534,145,193,1,1,1
79,3,841,213,96,172,1,1,1
79,4,801,653,75,187,1,1,1
79,5,916,620,247,112,1,1,1
79,6,986,708,238,81,1,1,1
79,7,977,915,122,122,1,1,1
79,8,981,801,108,81,1,1,1
79,9,1011,387,200,147,1,1,1
79,10,1136,757,146,129,1,1,1
80,1,840,393,101,174,1,1,1
80,2,1403,542,145,193,1,1,1
80,3,845,213,96,172,1,1,1
80,4,799,654,75,187,1,1,1
80,5,935,622,247,112,1,1,1
80,6,1003,707,227,77,1,1,1
80,7,978,915,122,122,1,1,1
80,8,980,802,103,77,1,1,1
80,9,1011,387,200,147,1,1,1
80,10,1133,755,146,129,1,1,1
81,1,840,392,106,183,1,1,1
81,2,1400,550,145,193,1,1,1
81,3,851,216,96,172,1,1,1
81,4,800,647,75,187,1,1,1
81,5,950,623,235,107,1,1,1
81,6,987,705,238,81,1,1,1
81,7,980,916,122,122,1,1,1
81,8,980,802,103,77,1,1,1
81,9,1014,381,200,147,1,1,1
81,10,1132,756,146,129,1,1,1
82,1,840,388,111,192,1,1,1
82,2,1398,556,145,193,1,1,1
82,3,858,211,101,181,1,1,1
82,4,799,645,75,187,1,1,1
82,5,957,622,235,107,1,1,1
82,6,1000,700,238,81,1,1,1
82,7,978,917,122,122,1,1,1
82,8,976,800,103,77,1,1,1
82,9,1002,385,200,147,1,1,1
82,10,1132,756,146,129,1,1,1
83,1,753,448,232,102,1,1,1
83,2,1397,561,145,193,1,1,1
83,3,791,270,189,71,1,1,1
83,4,796,655,75,187,1,1,1
83,5,934,628,235,70,1,1,1
83,6,1054,667,214,71,1,1,1
83,7,980,922,184,90,1,1,1
83,8,971,797,154,77,1,1,1
83,9,1018,408,163,147,1,1,1
83,10,1131,756,146,129,1,1,1
84,1,777,446,232,102,1,1,1
84,2,1395,567,145,193,1,1,1
84,3,808,269,189,71,1,1,1
84,4,793,656,75,187,1,1,1
84,5,944,628,235,70,1,1,1
84,6,1061,664,214,71,1,1,1
84,7,982,925,184,90,1,1,1
84,8,964,801,154,77,1,1,1
84,9,999,407,163,147,1,1,1
84,10,1130,757,146,129,1,1,1
85,1,779,442,244,107,1,1,1
85,2,1396,585,138,184,1,1,1
85,3,811,268,198,75,1,1,1
85,4,794,650,75,187,1,1,1
85,5,941,625,247,74,1,1,1
85,6,1065,663,214,71,1,1,1
85,7,983,926,184,90,1,1,1
85,8,963,802,154,77,1,1,1
85,9,1000,405,163,147,1,1,1
85,10,1131,755,146,129,1,1,1
86,1,784,442,244,107,1,1,1
86,2,1391,598,138,184,1,1,1
86,3,816,269,198,75,1,1,1
86,4,793,636,78,196,1,1,1
86,5,943,626,247,74,1,1,1
86,6,1068,661,214,71,1,1,1
86,7,985,928,184,90,1,1,1
86,8,965,801,154,77,1,1,1
86,9,1002,404,163,147,1,1,1
86,10,1132,755,146,129,1,1,1
87,1,789,442,244,107,1,1,1
87,2,1389,604,138,184,1,1,1
87,3,821,268,198,75,1,1,1
87,4,795,624,78,196,1,1,1
87,5,945,625,247,74,1,1,1
87,6,1063,658,225,75,1,1,1
87,7,989,928,184,90,1,1,1
87,8,965,800,154,77,1,1,1
87,9,1004,404,163,147,1,1,1
87,10,1132,754,146,129,1,1,1
88,1,795,441,244,107,1,1,1
88,2,1386,612,138,184,1,1,1
88,3,828,268,198,75,1,1,1
88,4,795,616,78,196,1,1,1
88,5,941,622,259,77,1,1,1
88,6,1057,656,236,78,1,1,1
88,7,992,927,184,90,1,1,1
88,8,961,800,162,81,1,1,1
88,9,1005,406,163,147,1,1,1
88,10,1136,755,146,129,1,1,1
89,1,795,438,256,112,1,1,1
89,2,1384,620,138,184,1,1,1
89,3,837,267,189,71,1,1,1
89,4,796,611,78,196,1,1,1
89,5,941,622,259,77,1,1,1
89,6,1050,654,248,82,1,1,1
89,7,994,928,184,90,1,1,1
89,8,961,799,162,81,1,1,1
89,9,1007,406,163,147,1,1,1
89,10,1134,752,146,129,1,1,1
90,1,799,438,256,112,1,1,1
90,2,1382,628,138,184,1,1,1
90,3,846,266,180,68,1,1,1
90,4,794,616,78,196,1,1,1
90,5,941,621,259,77,1,1,1
90,6,1056,652,248,82,1,1,1
90,7,996,928,184,90,1,1,1
90,8,960,799,170,85,1,1,1
90,9,1009,408,163,147,1,1,1
90,10,1136,751,146,129,1,1,1
91,1,801,437,256,112,1,1,1
91,2,1381,634,138,184,1,1,1
91,3,854,265,171,64,1,1,1
91,4,784,652,78,196,1,1,1
91,5,943,621,259,77,1,1,1
91,6,1060,652,248,82,1,1,1
91,7,996,930,184,90,1,1,1
91,8,959,800,170,85,1,1,1
91,9,1009,409,171,154,1,1,1
91,10,1135,748,146,129,1,1,1
92,1,805,437,256,112,1,1,1
92,2,1381,641,138,184,1,1,1
92,3,856,265,171,64,1,1,1
92,4,785,650,78,196,1,1,1
92,5,937,617,272,81,1,1,1
92,6,1063,651,248,82,1,1,1
92,7,996,929,184,90,1,1,1
92,8,962,801,170,85,1,1,1
92,9,1010,412,171,154,1,1,1
92,10,1135,743,146,129,1,1,1
93,1,807,438,256,112,1,1,1
93,2,1382,650,138,184,1,1,1
93,3,855,263,171,64,1,1,1
93,4,783,655,78,196,1,1,1
93,5,939,617,272,81,1,1,1
93,6,1059,652,248,82,1,1,1
93,7,998,929,184,90,1,1,1
93,8,956,800,178,89,1,1,1
93,9,1011,415,171,154,1,1,1
93,10,1142,742,146,129,1,1,1
94,1,810,438,256,112,1,1,1
94,2,1381,658,138,184,1,1,1
94,3,866,269,180,68,1,1,1
94,4,782,654,78,196,1,1,1
94,5,938,616,272,81,1,1,1
94,6,1055,649,260,86,1,1,1
94,7,997,930,184,90,1,1,1
94,8,954,796,187,94,1,1,1
94,9,1012,422,171,154,1,1,1
94,10,1139,728,146,129,1,1,1
95,1,811,437,256,112,1,1,1
95,2,1382,665,138,184,1,1,1
95,3,879,283,180,68,1,1,1
95,4,783,653,78,196,1,1,1
95,5,945,619,272,81,1,1,1
95,6,1058,649,260,86,1,1,1
95,7,1002,933,175,86,1,1,1
95,8,951,796,187,94,1,1,1
95,9,1012,425,171,154,1,1,1
95,10,1135,727,146,129,1,1,1
96,1,813,436,256,112,1,1,1
96,2,1382,671,138,184,1,1,1
96,3,899,291,180,68,1,1,1
96,4,781,655,78,196,1,1,1
96,5,958,620,259,77,1,1,1
96,6,1072,651,248,82,1,1,1
96,7,1004,937,167,82,1,1,1
96,8,956,799,187,94,1,1,1
96,9,1011,431,171,154,1,1,1
96,10,1132,732,153,135,1,1,1
97,1,814,437,256,112,1,1,1
97,2,1382,678,138,184,1,1,1
97,3,910,299,180,68,1,1,1
97,4,781,655,78,196,1,1,1
97,5,958,619,247,74,1,1,1
97,6,1078,650,248,82,1,1,1
97,7,1008,940,159,78,1,1,1
97,8,957,800,187,94,1,1,1
97,9,1013,434,171,154,1,1,1
97,10,1129,724,153,135,1,1,1
98,1,819,438,256,112,1,1,1
98,2,1377,680,145,193,1,1,1
98,3,922,307,180,68,1,1,1
98,4,781,655,78,196,1,1,1
98,5,964,619,247,74,1,1,1
98,6,1071,647,248,82,1,1,1
98,7,1008,941,159,78,1,1,1
98,8,956,799,187,94,1,1,1
98,9,1015,438,171,154,1,1,1
98,10,1130,724,153,135,1,1,1
99,1,825,439,256,112,1,1,1
99,2,1378,686,145,193,1,1,1
99,3,926,306,180,68,1,1,1
99,4,780,661,75,187,1,1,1
99,5,970,617,247,74,1,1,1
99,6,1076,648,236,78,1,1,1
99,7,1005,941,159,78,1,1,1
99,8,957,798,187,94,1,1,1
99,9,1015,442,171,154,1,1,1
99,10,1131,714,153,135,1,1,1
100,1,829,438,256,112,1,1,1
100,2,1378,692,145,193,1,1,1
100,3,934,311,171,64,1,1,1
100,4,782,663,75,187,1,1,1
100,5,982,618,247,74,1,1,1
100,6,1076,645,236,78,1,1,1
100,7,1005,944,159,78,1,1,1
100,8,955,799,187,94,1,1,1
100,9,1016,449,171,154,1,1,1
100,10,1135,713,153,135,1,1,1
101,1,829,436,256,112,1,1,1
101,2,1381,700,145,193,1,1,1
101,3,940,313,171,64,1,1,1
101,4,781,664,75,187,1,1,1
101,5,1004,617,247,74,1,1,1
101,6,1052,640,225,75,1,1,1
101,7,999,946,159,78,1,1,1
101,8,959,802,178,89,1,1,1
101,9,1014,451,180,162,1,1,1
101,10,1139,708,146,129,1,1,1
102,1,834,439,244,107,1,1,1
102,2,1380,707,145,193,1,1,1
102,3,949,316,171,64,1,1,1
102,4,780,657,78,196,1,1,1
102,5,1014,617,247,74,1,1,1
102,6,1065,641,225,75,1,1,1
102,7,998,946,159,78,1,1,1
102,8,960,803,178,89,1,1,1
102,9,1010,449,189,170,1,1,1
102,10,1137,708,146,129,1,1,1
103,1,829,438,244,107,1,1,1
103,2,1388,718,138,184,1,1,1
103,3,960,323,171,64,1,1,1
103,4,779,655,78,196,1,1,1
103,5,1024,616,247,74,1,1,1
103,6,1051,635,236,78,1,1,1
103,7,993,948,159,78,1,1,1
103,8,957,803,178,89,1,1,1
103,9,1014,451,189,170,1,1,1
103,10,1137,704,146,129,1,1,1
104,1,830,441,244,107,1,1,1
104,2,1389,721,138,184,1,1,1
104,3,972,331,163,61,1,1,1
104,4,779,660,78,196,1,1,1
104,5,1019,615,247,74,1,1,1
104,6,1060,636,236,78,1,1,1
104,7,993,952,151,74,1,1,1
104,8,964,808,170,85,1,1,1
104,9,1018,456,189,170,1,1,1
104,10,1136,702,146,129,1,1,1
105,1,836,444,232,102,1,1,1
105,2,1390,727,138,184,1,1,1
105,3,980,337,163,61,1,1,1
105,4,777,658,78,196,1,1,1
105,5,1030,614,247,74,1,1,1
105,6,1175,643,154,103,1,1,1
105,7,1017,921,151,74,1,1,1
105,8,970,744,119,139,1,1,1
105,9,1017,457,198,179,1,1,1
105,10,1150,708,102,216,1,1,1
106,1,839,443,232,102,1,1,1
106,2,1391,732,138,184,1,1,1
106,3,992,348,163,61,1,1,1
106,4,778,663,78,196,1,1,1
106,5,1023,612,259,77,1,1,1
106,6,1180,643,154,103,1,1,1
106,7,1016,922,151,74,1,1,1
106,8,964,748,119,139,1,1,1
106,9,1021,460,198,179,1,1,1
106,10,1150,714,102,216,1,1,1
107,1,843,443,232,102,1,1,1
107,2,1392,738,138,184,1,1,1
107,3,996,350,163,61,1,1,1
107,4,777,657,78,196,1,1,1
107,5,1016,612,247,74,1,1,1
107,6,1181,642,154,103,1,1,1
107,7,1016,923,151,74,1,1,1
107,8,965,746,119,139,1,1,1
107,9,1019,461,208,188,1,1,1
107,10,1151,714,102,216,1,1,1
108,1,855,444,232,102,1,1,1
108,2,1395,743,138,184,1,1,1
108,3,1005,354,163,61,1,1,1
108,4,778,669,75,187,1,1,1
108,5,1015,609,259,77,1,1,1
108,6,1176,643,162,108,1,1,1
108,7,1018,921,151,74,1,1,1
108,8,965,743,119,139,1,1,1
108,9,1016,462,218,197,1,1,1
108,10,1147,704,107,227,1,1,1
109,1,852,445,232,102,1,1,1
109,2,1398,747,138,184,1,1,1
109,3,1012,359,163,61,1,1,1
109,4,778,668,75,187,1,1,1
109,5,995,604,272,81,1,1,1
109,6,1176,643,162,108,1,1,1
109,7,1019,920,151,74,1,1,1
109,8,967,743,119,139,1,1,1
109,9,1018,464,218,197,1,1,1
109,10,1147,704,107,227,1,1,1
110,1,875,441,244,107,1,1,1
110,2,1399,750,138,184,1,1,1
110,3,1018,361,163,61,1,1,1
110,4,775,657,78,196,1,1,1
110,5,966,600,286,85,1,1,1
110,6,1180,645,162,108,1,1,1
110,7,1021,920,151,74,1,1,1
110,8,967,738,119,139,1,1,1
110,9,1018,467,218,197,1,1,1
110,10,1149,705,107,227,1,1,1
111,1,889,439,244,107,1,1,1
111,2,1401,756,138,184,1,1,1
111,3,1024,363,163,61,1,1,1
111,4,775,667,78,196,1,1,1
111,5,955,601,286,85,1,1,1
111,6,1183,647,162,108,1,1,1
111,7,1022,919,151,74,1,1,1
111,8,963,731,125,146,1,1,1
111,9,1020,471,118,197,1,1,1
111,10,1149,703,107,227,1,1,1
112,1,891,436,256,112,1,1,1
112,2,1405,762,138,184,1,1,1
112,3,1036,368,155,58,1,1,1
112,4,776,667,78,196,1,1,1
112,5,952,603,272,81,1,1,1
112,6,1177,645,170,114,1,1,1
112,7,1022,917,151,74,1,1,1
112,8,962,730,125,146,1,1,1
112,9,1025,478,118,197,1,1,1
112,10,1149,706,107,227,1,1,1
113,1,902,436,244,107,1,1,1
113,2,1413,775,131,175,1,1,1
113,3,1044,371,155,58,1,1,1
113,4,776,671,75,187,1,1,1
113,5,951,605,259,77,1,1,1
113,6,1183,650,170,114,1,1,1
113,7,1026,915,151,74,1,1,1
113,8,960,726,125,146,1,1,1
113,9,1025,481,118,197,1,1,1
113,10,1148,705,107,227,1,1,1
114,1,906,435,244,107,1,1,1
114,2,1415,779,131,175,1,1,1
114,3,1054,377,155,58,1,1,1
114,4,776,672,75,187,1,1,1
114,5,946,600,259,77,1,1,1
114,6,1174,647,178,119,1,1,1
114,7,1028,913,151,74,1,1,1
114,8,961,723,125,146,1,1,1
114,9,1028,482,118,197,1,1,1
114,10,1148,707,107,227,1,1,1
115,1,912,434,244,107,1,1,1
115,2,1421,788,125,167,1,1,1
115,3,1058,382,163,61,1,1,1
115,4,775,668,78,196,1,1,1
115,5,954,600,272,81,1,1,1
115,6,1174,649,178,119,1,1,1
115,7,1029,911,151,74,1,1,1
115,8,961,720,125,146,1,1,1
115,9,1028,487,118,197,1,1,1
115,10,1150,707,107,227,1,1,1
116,1,916,435,244,107,1,1,1
116,2,1422,790,125,167,1,1,1
116,3,1068,390,163,61,1,1,1
116,4,774,667,78,196,1,1,1
116,5,941,603,286,85,1,1,1
116,6,1177,651,178,119,1,1,1
116,7,1029,910,151,74,1,1,1
116,8,959,720,125,146,1,1,1
116,9,1031,493,112,188,1,1,1
116,10,1150,705,107,227,1,1,1
117,1,917,433,244,107,1,1,1
117,2,1423,794,125,167,1,1,1
117,3,1073,415,163,61,1,1,1
117,4,774,664,78,196,1,1,1
117,5,950,604,286,85,1,1,1
117,6,1170,650,187,125,1,1,1
117,7,1028,908,151,74,1,1,1
117,8,959,718,125,146,1,1,1
117,9,1029,496,112,188,1,1,1
117,10,1150,706,107,227,1,1,1
118,1,921,432,244,107,1,1,1
118,2,1423,796,125,167,1,1,1
118,3,1077,430,163,61,1,1,1
118,4,773,664,78,196,1,1,1
118,5,944,606,286,85,1,1,1
118,6,1159,645,197,131,1,1,1
118,7,1028,908,151,74,1,1,1
118,8,956,715,125,146,1,1,1
118,9,1028,496,112,188,1,1,1
118,10,1150,707,107,227,1,1,1
119,1,923,431,244,107,1,1,1
119,2,1426,801,125,167,1,1,1
119,3,1089,415,163,61,1,1,1
119,4,773,664,78,196,1,1,1
119,5,955,609,286,85,1,1,1
119,6,1156,643,197,131,1,1,1
119,7,1033,910,144,70,1,1,1
119,8,955,711,125,146,1,1,1
119,9,1032,498,118,197,1,1,1
119,10,1149,707,107,227,1,1,1
120,1,928,431,244,107,1,1,1
120,2,1431,810,119,159,1,1,1
120,3,1099,417,155,58,1,1,1
120,4,773,663,78,196,1,1,1
120,5,953,612,272,81,1,1,1
120,6,1149,639,197,131,1,1,1
120,7,1033,908,144,70,1,1,1
120,8,955,708,125,146,1,1,1
120,9,1044,499,112,188,1,1,1
120,10,1152,714,107,227,1,1,1
121,1,938,428,244,107,1,1,1
121,2,1433,817,119,159,1,1,1
121,3,1103,414,155,58,1,1,1
121,4,772,660,82,206,1,1,1
121,5,1019,607,199,81,1,1,1
121,6,1256,659,114,131,1,1,1
121,7,1037,909,137,67,1,1,1
121,8,960,739,131,153,1,1,1
121,9,987,496,112,188,1,1,1
121,10,1156,719,102,216,1,1,1
122,1,936,426,256,112,1,1,1
122,2,1432,823,119,159,1,1,1
122,3,1114,416,148,56,1,1,1
122,4,773,664,82,206,1,1,1
122,5,1001,606,199,81,1,1,1
122,6,1257,662,114,131,1,1,1
122,7,1036,907,137,67,1,1,1
122,8,969,744,131,153,1,1,1
122,9,992,495,112,188,1,1,1
122,10,1158,715,102,216,1,1,1
123,1,938,425,256,112,1,1,1
123,2,1433,826,119,159,1,1,1
123,3,1126,420,148,56,1,1,1
123,4,773,666,82,206,1,1,1
123,5,1001,606,199,81,1,1,1
123,6,1260,664,114,131,1,1,1
123,7,1039,905,137,67,1,1,1
123,8,968,742,131,153,1,1,1
123,9,990,497,112,188,1,1,1
123,10,1157,716,102,216,1,1,1
124,1,942,423,256,112,1,1,1
124,2,1432,832,119,159,1,1,1
124,3,1138,425,141,53,1,1,1
124,4,775,672,78,196,1,1,1
124,5,999,605,199,81,1,1,1
124,6,1261,663,114,131,1,1,1
124,7,1044,906,130,64,1,1,1
124,8,970,742,131,153,1,1,1
124,9,988,491,118,197,1,1,1
124,10,1157,715,102,216,1,1,1
125,1,948,423,256,112,1,1,1
125,2,1432,837,119,159,1,1,1
125,3,1137,421,134,50,1,1,1
125,4,776,671,78,196,1,1,1
125,5,997,605,199,81,1,1,1
125,6,1264,667,114,131,1,1,1
125,7,1046,904,130,64,1,1,1
125,8,970,740,131,153,1,1,1
125,9,986,490,118,197,1,1,1
125,10,1157,716,102,216,1,1,1
126,1,963,423,244,107,1,1,1
126,2,1435,848,114,151,1,1,1
126,3,1140,423,134,50,1,1,1
126,4,776,672,78,196,1,1,1
126,5,997,604,199,81,1,1,1
126,6,1266,669,114,131,1,1,1
126,7,1048,906,124,61,1,1,1
126,8,970,741,131,153,1,1,1
126,9,986,492,118,197,1,1,1
126,10,1157,715,102,216,1,1,1
127,1,968,423,244,107,1,1,1
127,2,1435,852,114,151,1,1,1
127,3,1144,430,134,50,1,1,1
127,4,779,671,78,196,1,1,1
127,5,999,603,199,81,1,1,1
127,6,1266,672,114,131,1,1,1
127,7,1048,906,124,61,1,1,1
127,8,967,737,131,153,1,1,1
127,9,986,490,118,197,1,1,1
127,10,1158,712,102,216,1,1,1
128,1,974,419,244,107,1,1,1
128,2,1434,858,114,151,1,1,1
128,3,1151,433,134,50,1,1,1
128,4,779,672,78,196,1,1,1
128,5,997,603,199,81,1,1,1
128,6,1267,675,114,131,1,1,1
128,7,1045,908,124,61,1,1,1
128,8,964,732,131,153,1,1,1
128,9,984,490,118,197,1,1,1
128,10,1160,716,97,206,1,1,1
129,1,980,419,244,107,1,1,1
129,2,1432,863,114,151,1,1,1
129,3,1157,437,134,50,1,1,1
129,4,778,672,78,196,1,1,1
129,5,989,600,209,85,1,1,1
129,6,1271,676,114,131,1,1,1
129,7,1043,908,124,61,1,1,1
129,8,960,730,131,153,1,1,1
129,9,984,489,118,197,1,1,1
129,10,1158,716,102,216,1,1,1
130,1,988,418,244,107,1,1,1
130,2,1431,869,114,151,1,1,1
130,3,1167,445,134,50,1,1,1
130,4,780,676,75,187,1,1,1
130,5,990,598,209,85,1,1,1
130,6,1271,681,114,131,1,1,1
130,7,1043,909,118,58,1,1,1
130,8,958,730,131,153,1,1,1
130,9,983,488,118,197,1,1,1
130,10,1158,715,102,216,1,1,1
131,1,1001,417,244,107,1,1,1
131,2,1430,873,114,151,1,1,1
131,3,1234,434,130,125,1,1,1
131,4,779,671,78,196,1,1,1
131,5,988,596,209,85,1,1,1
131,6,1273,681,114,131,1,1,1
131,7,1050,875,129,106,1,1,1
131,8,956,730,131,153,1,1,1
131,9,960,539,181,120,1,1,1
131,10,1160,714,102,216,1,1,1
132,1,1007,419,244,107,1,1,1
132,2,1430,881,114,151,1,1,1
132,3,1237,439,130,125,1,1,1
132,4,780,671,78,196,1,1,1
132,5,989,596,209,85,1,1,1
132,6,1273,687,114,131,1,1,1
132,7,1057,870,129,106,1,1,1
132,8,955,725,131,153,1,1,1
132,9,959,541,181,120,1,1,1
132,10,1163,718,102,216,1,1,1
133,1,1011,419,244,107,1,1,1
133,2,1429,884,114,151,1,1,1
133,3,1246,447,130,125,1,1,1
133,4,780,671,78,196,1,1,1
133,5,991,593,209,85,1,1,1
133,6,1274,688,114,131,1,1,1
133,7,1057,869,129,106,1,1,1
133,8,953,723,131,153,1,1,1
133,9,958,543,181,120,1,1,1
133,10,1162,719,102,216,1,1,1
134,1,1020,422,232,102,1,1,1
134,2,1429,888,114,151,1,1,1
134,3,1254,451,130,125,1,1,1
134,4,781,669,78,196,1,1,1
134,5,997,593,199,81,1,1,1
134,6,1279,693,109,125,1,1,1
134,7,1058,868,129,106,1,1,1
134,8,952,723,131,153,1,1,1
134,9,956,542,181,120,1,1,1
134,10,1164,717,102,216,1,1,1
135,1,1033,427,221,97,1,1,1
135,2,1427,895,114,151,1,1,1
135,3,1263,458,130,125,1,1,1
135,4,783,671,78,196,1,1,1
135,5,997,592,199,81,1,1,1
135,6,1281,698,109,125,1,1,1
135,7,1055,870,129,106,1,1,1
135,8,953,722,131,153,1,1,1
135,9,959,541,181,120,1,1,1
135,10,1165,716,102,216,1,1,1
136,1,1042,430,221,97,1,1,1
136,2,1425,900,114,151,1,1,1
136,3,1272,465,130,125,1,1,1
136,4,782,668,78,196,1,1,1
136,5,1001,593,190,77,1,1,1
136,6,1282,699,109,125,1,1,1
136,7,1053,870,129,106,1,1,1
136,8,952,721,131,153,1,1,1
136,9,963,542,181,120,1,1,1
136,10,1167,716,102,216,1,1,1
137,1,1054,435,221,97,1,1,1
137,2,1424,905,114,151,1,1,1
137,3,1281,473,130,125,1,1,1
137,4,782,666,78,196,1,1,1
137,5,1008,594,180,73,1,1,1
137,6,1282,702,109,125,1,1,1
137,7,1052,870,129,106,1,1,1
137,8,952,721,131,153,1,1,1
137,9,966,539,181,120,1,1,1
137,10,1166,717,102,216,1,1,1
138,1,1068,444,210,93,1,1,1
138,2,1423,910,114,151,1,1,1
138,3,1288,480,130,125,1,1,1
138,4,783,666,78,196,1,1,1
138,5,997,591,190,77,1,1,1
138,6,1284,704,109,125,1,1,1
138,7,1049,870,129,106,1,1,1
138,8,953,718,131,153,1,1,1
138,9,967,537,181,120,1,1,1
138,10,1167,717,102,216,1,1,1
139,1,1073,447,210,93,1,1,1
139,2,1421,914,114,151,1,1,1
139,3,1295,489,130,125,1,1,1
139,4,780,663,78,196,1,1,1
139,5,991,588,190,77,1,1,1
139,6,1285,706,109,125,1,1,1
139,7,1050,868,129,106,1,1,1
139,8,953,719,131,153,1,1,1
139,9,969,538,181,120,1,1,1
139,10,1166,718,102,216,1,1,1
140,1,1078,452,210,93,1,1,1
140,2,1419,916,114,151,1,1,1
140,3,1302,499,130,125,1,1,1
140,4,777,661,78,196,1,1,1
140,5,991,588,180,73,1,1,1
140,6,1286,709,109,125,1,1,1
140,7,1052,864,129,106,1,1,1
140,8,953,718,131,153,1,1,1
140,9,976,539,172,114,1,1,1
140,10,1167,718,102,216,1,1,1
141,1,1084,454,210,93,1,1,1
141,2,1412,928,114,151,1,1,1
141,3,1307,506,130,125,1,1,1
141,4,776,664,75,187,1,1,1
141,5,985,584,180,73,1,1,1
141,6,1284,707,114,131,1,1,1
141,7,1057,863,129,106,1,1,1
141,8,955,719,131,153,1,1,1
141,9,980,534,172,114,1,1,1
141,10,1168,720,102,216,1,1,1
142,1,1098,461,200,88,1,1,1
142,2,1412,934,108,144,1,1,1
142,3,1313,516,130,125,1,1,1
142,4,776,663,75,187,1,1,1
142,5,1059,585,121,105,1,1,1
142,6,1282,703,120,138,1,1,1
142,7,1049,862,135,111,1,1,1
142,8,954,719,131,153,1,1,1
142,9,926,554,209,79,1,1,1
142,10,1167,723,102,216,1,1,1
143,1,1111,466,191,84,1,1,1
143,2,1410,935,108,144,1,1,1
143,3,1318,523,130,125,1,1,1
143,4,774,661,75,187,1,1,1
143,5,1057,584,121,105,1,1,1
143,6,1283,705,120,138,1,1,1
143,7,1043,857,142,117,1,1,1
143,8,953,720,131,153,1,1,1
143,9,933,555,209,79,1,1,1
143,10,1167,722,102,216,1,1,1
144,1,1122,470,182,80,1,1,1
144,2,1409,942,103,137,1,1,1
144,3,1324,531,130,125,1,1,1
144,4,775,663,75,187,1,1,1
144,5,1060,586,127,110,1,1,1
144,6,1280,706,126,144,1,1,1
144,7,1046,855,142,117,1,1,1
144,8,954,723,131,153,1,1,1
144,9,928,551,219,83,1,1,1
144,10,1167,721,102,216,1,1,1
145,1,1126,472,182,80,1,1,1
145,2,1410,942,103,137,1,1,1
145,3,1330,539,130,125,1,1,1
145,4,777,665,71,178,1,1,1
145,5,1064,589,127,110,1,1,1
145,6,1282,708,126,144,1,1,1
145,7,1054,847,142,117,1,1,1
145,8,953,721,131,153,1,1,1
145,9,924,548,219,83,1,1,1
145,10,1168,724,102,216,1,1,1
146,1,1140,482,173,76,1,1,1
146,2,1409,942,103,137,1,1,1
146,3,1335,547,130,125,1,1,1
146,4,781,667,68,170,1,1,1
146,5,1066,591,127,110,1,1,1
146,6,1282,709,126,144,1,1,1
146,7,1055,848,142,117,1,1,1
146,8,953,720,131,153,1,1,1
146,9,917,545,230,87,1,1,1
146,10,1167,727,102,216,1,1,1
147,1,1147,488,173,76,1,1,1
147,2,1409,941,103,137,1,1,1
147,3,1338,552,130,125,1,1,1
147,4,783,671,64,161,1,1,1
147,5,1069,594,127,110,1,1,1
147,6,1282,706,132,152,1,1,1
147,7,1050,844,149,123,1,1,1
147,8,953,719,131,153,1,1,1
147,9,916,540,230,87,1,1,1
147,10,1170,726,102,216,1,1,1
148,1,1153,492,173,76,1,1,1
148,2,1410,941,103,137,1,1,1
148,3,1343,557,130,125,1,1,1
148,4,785,672,64,161,1,1,1
148,5,1074,594,127,110,1,1,1
148,6,1282,709,132,152,1,1,1
148,7,1051,844,149,123,1,1,1
148,8,953,720,131,153,1,1,1
148,9,916,537,230,87,1,1,1
148,10,1171,726,102,216,1,1,1
149,1,1172,505,165,72,1,1,1
149,2,1409,941,103,137,1,1,1
149,3,1349,566,130,125,1,1,1
149,4,789,674,64,161,1,1,1
149,5,1079,597,127,110,1,1,1
149,6,1284,710,132,152,1,1,1
149,7,1056,842,149,123,1,1,1
149,8,955,718,131,153,1,1,1
149,9,910,530,242,91,1,1,1
149,10,1173,726,102,216,1,1,1
150,1,1189,515,157,69,1,1,1
150,2,1411,949,98,131,1,1,1
150,3,1356,572,130,125,1,1,1
150,4,790,676,61,154,1,1,1
150,5,1078,594,133,116,1,1,1
150,6,1286,713,132,152,1,1,1
150,7,1059,839,149,123,1,1,1
150,8,954,719,131,153,1,1,1
150,9,915,528,230,87,1,1,1
150,10,1173,726,102,216,1,1,1
151,1,1198,524,157,69,1,1,1
151,2,1411,948,98,131,1,1,1
151,3,1360,579,130,125,1,1,1
151,4,799,681,61,154,1,1,1
151,5,1082,595,133,116,1,1,1
151,6,1284,717,132,152,1,1,1
151,7,1058,838,149,123,1,1,1
151,8,953,725,131,153,1,1,1
151,9,914,527,230,87,1,1,1
151,10,1173,727,102,216,1,1,1
152,1,1204,531,157,69,1,1,1
152,2,1411,948,98,131,1,1,1
152,3,1365,585,130,125,1,1,1
152,4,812,685,61,154,1,1,1
152,5,1086,599,133,116,1,1,1
152,6,1285,719,132,152,1,1,1
152,7,1051,835,157,129,1,1,1
152,8,952,724,131,153,1,1,1
152,9,913,523,230,87,1,1,1
152,10,1176,733,97,206,1,1,1
153,1,1209,535,157,69,1,1,1
153,2,1410,949,98,131,1,1,1
153,3,1363,584,136,131,1,1,1
153,4,825,696,58,146,1,1,1
153,5,1090,600,133,116,1,1,1
153,6,1286,719,132,152,1,1,1
153,7,1042,831,165,135,1,1,1
153,8,953,723,131,153,1,1,1
153,9,909,522,230,87,1,1,1
153,10,1174,735,97,206,1,1,1
154,1,1217,542,157,69,1,1,1
154,2,1408,948,98,131,1,1,1
154,3,1368,591,136,131,1,1,1
154,4,830,696,58,146,1,1,1
154,5,1095,602,133,116,1,1,1
154,6,1284,716,139,159,1,1,1
154,7,1039,830,165,135,1,1,1
154,8,953,724,131,153,1,1,1
154,9,902,525,219,83,1,1,1
154,10,1175,737,97,206,1,1,1
155,1,1222,546,157,69,1,1,1
155,2,1408,948,98,131,1,1,1
155,3,1372,595,136,131,1,1,1
155,4,831,695,58,146,1,1,1
155,5,1100,605,133,116,1,1,1
155,6,1284,716,139,159,1,1,1
155,7,1015,835,165,135,1,1,1
155,8,954,725,131,153,1,1,1
155,9,879,536,219,83,1,1,1
155,10,1175,740,97,206,1,1,1
156,1,1227,551,157,69,1,1,1
156,2,1407,949,98,131,1,1,1
156,3,1374,600,136,131,1,1,1
156,4,827,693,58,146,1,1,1
156,5,1103,608,133,116,1,1,1
156,6,1285,717,139,159,1,1,1
156,7,1005,836,165,135,1,1,1
156,8,958,731,131,153,1,1,1
156,9,865,541,230,87,1,1,1
156,10,1174,739,97,206,1,1,1
157,1,1233,555,157,69,1,1,1
157,2,1407,949,98,131,1,1,1
157,3,1378,606,136,131,1,1,1
157,4,825,686,61,154,1,1,1
157,5,1105,611,133,116,1,1,1
157,6,1286,720,139,159,1,1,1
157,7,1071,846,165,99,1,1,1
157,8,956,732,131,153,1,1,1
157,9,865,543,230,87,1,1,1
157,10,1175,742,97,206,1,1,1
158,1,1236,557,157,69,1,1,1
158,2,1404,949,98,131,1,1,1
158,3,1383,612,136,131,1,1,1
158,4,823,683,61,154,1,1,1
158,5,1108,612,133,116,1,1,1
158,6,1287,720,139,159,1,1,1
158,7,1074,845,165,99,1,1,1
158,8,957,735,131,153,1,1,1
158,9,855,543,242,91,1,1,1
158,10,1174,752,97,206,1,1,1
159,1,1242,561,157,69,1,1,1
159,2,1405,949,98,131,1,1,1
159,3,1384,617,136,131,1,1,1
159,4,818,678,64,161,1,1,1
159,5,1110,614,133,116,1,1,1
159,6,1286,721,139,159,1,1,1
159,7,1079,841,165,99,1,1,1
159,8,955,731,131,153,1,1,1
159,9,866,542,254,96,1,1,1
159,10,1175,751,97,206,1,1,1
160,1,1246,564,157,69,1,1,1
160,2,1405,948,98,131,1,1,1
160,3,1387,623,136,131,1,1,1
160,4,821,679,61,154,1,1,1
160,5,1114,618,133,116,1,1,1
160,6,1289,724,139,159,1,1,1
160,7,1079,841,165,99,1,1,1
160,8,954,727,131,153,1,1,1
160,9,876,541,254,96,1,1,1
160,10,1176,749,97,206,1,1,1
161,1,1245,567,165,72,1,1,1
161,2,1407,949,98,131,1,1,1
161,3,1390,629,136,131,1,1,1
161,4,828,687,58,146,1,1,1
161,5,1116,619,133,116,1,1,1
161,6,1289,725,139,159,1,1,1
161,7,1082,839,165,99,1,1,1
161,8,952,728,131,153,1,1,1
161,9,861,542,254,96,1,1,1
161,10,1177,751,97,206,1,1,1
162,1,1251,571,165,72,1,1,1
162,2,1410,948,98,131,1,1,1
162,3,1391,634,136,131,1,1,1
162,4,834,686,58,146,1,1,1
162,5,1119,622,133,116,1,1,1
162,6,1291,727,139,159,1,1,1
162,7,1084,840,165,99,1,1,1
162,8,951,730,131,153,1,1,1
162,9,871,538,254,96,1,1,1
162,10,1178,750,97,206,1,1,1
163,1,1255,575,165,72,1,1,1
163,2,1409,949,98,131,1,1,1
163,3,1393,641,136,131,1,1,1
163,4,836,685,58,146,1,1,1
163,5,1123,625,133,116,1,1,1
163,6,1291,730,139,159,1,1,1
163,7,1085,840,165,99,1,1,1
163,8,950,732,131,153,1,1,1
163,9,862,538,254,96,1,1,1
163,10,1179,750,97,206,1,1,1
164,1,1262,580,165,72,1,1,1
164,2,1407,949,98,131,1,1,1
164,3,1390,642,143,138,1,1,1
164,4,841,688,56,139,1,1,1
164,5,1122,624,140,122,1,1,1
164,6,1291,731,139,159,1,1,1
164,7,1088,839,165,99,1,1,1
164,8,947,717,138,161,1,1,1
164,9,858,539,254,96,1,1,1
164,10,1180,759,93,196,1,1,1
165,1,1268,587,165,72,1,1,1
165,2,1407,948,98,131,1,1,1
165,3,1392,647,143,138,1,1,1
165,4,847,689,53,133,1,1,1
165,5,1126,625,140,122,1,1,1
165,6,1293,732,139,159,1,1,1
165,7,1086,840,165,99,1,1,1
165,8,946,725,138,161,1,1,1
165,9,846,539,267,101,1,1,1
165,10,1180,760,93,196,1,1,1
166,1,1275,593,165,72,1,1,1
166,2,1404,948,98,131,1,1,1
166,3,1392,649,143,138,1,1,1
166,4,850,687,53,133,1,1,1
166,5,1129,627,140,122,1,1,1
166,6,1297,738,132,152,1,1,1
166,7,1087,839,173,104,1,1,1
166,8,947,709,138,161,1,1,1
166,9,840,536,280,106,1,1,1
166,10,1179,764,93,196,1,1,1
167,1,1284,605,165,72,1,1,1
167,2,1403,949,98,131,1,1,1
167,3,1393,651,143,138,1,1,1
167,4,853,687,53,133,1,1,1
167,5,1132,628,140,122,1,1,1
167,6,1296,740,132,152,1,1,1
167,7,1090,839,165,99,1,1,1
167,8,949,706,138,161,1,1,1
167,9,832,556,294,111,1,1,1
167,10,1179,762,93,196,1,1,1
168,1,1292,612,165,72,1,1,1
168,2,1402,949,98,131,1,1,1
168,3,1396,654,136,131,1,1,1
168,4,854,684,56,139,1,1,1
168,5,1138,629,140,122,1,1,1
168,6,1298,742,132,152,1,1,1
168,7,1096,842,157,94,1,1,1
168,8,945,718,138,161,1,1,1
168,9,851,558,309,117,1,1,1
168,10,1180,761,93,196,1,1,1
169,1,1301,621,157,69,1,1,1
169,2,1399,949,98,131,1,1,1
169,3,1399,659,130,125,1,1,1
169,4,858,684,56,139,1,1,1
169,5,1140,631,140,122,1,1,1
169,6,1299,744,132,152,1,1,1
169,7,1097,841,157,94,1,1,1
169,8,943,717,138,161,1,1,1
169,9,846,566,309,117,1,1,1
169,10,1180,762,93,196,1,1,1
170,1,1308,629,157,69,1,1,1
170,2,1398,948,98,131,1,1,1
170,3,1400,662,130,125,1,1,1
170,4,858,684,53,133,1,1,1
170,5,1143,633,140,122,1,1,1
170,6,1298,744,132,152,1,1,1
170,7,1097,842,157,94,1,1,1
170,8,944,708,138,161,1,1,1
170,9,854,567,309,117,1,1,1
170,10,1180,763,93,196,1,1,1
171,1,1318,640,157,69,1,1,1
171,2,1296,1004,163,73,1,1,1
171,3,1400,666,130,125,1,1,1
171,4,756,704,155,110,1,1,1
171,5,1148,635,140,122,1,1,1
171,6,1300,747,132,152,1,1,1
171,7,1103,837,165,99,1,1,1
171,8,971,702,131,80,1,1,1
171,9,845,513,149,188,1,1,1
171,10,1183,766,93,117,1,1,1
172,1,1325,647,157,69,1,1,1
172,2,1293,1004,163,73,1,1,1
172,3,1402,673,130,125,1,1,1
172,4,772,702,155,110,1,1,1
172,5,1150,637,140,122,1,1,1
172,6,1299,748,132,152,1,1,1
172,7,1103,838,165,99,1,1,1
172,8,986,699,131,80,1,1,1
172,9,860,525,149,188,1,1,1
172,10,1180,768,93,117,1,1,1
173,1,1334,655,165,72,1,1,1
173,2,1290,1003,163,73,1,1,1
173,3,1407,679,124,119,1,1,1
173,4,774,701,155,110,1,1,1
173,5,1153,639,140,122,1,1,1
173,6,1299,747,132,152,1,1,1
173,7,1097,835,173,104,1,1,1
173,8,984,695,138,84,1,1,1
173,9,860,530,149,188,1,1,1
173,10,1180,770,93,117,1,1,1
174,1,1340,663,165,72,1,1,1
174,2,1287,1000,163,73,1,1,1
174,3,1405,680,124,119,1,1,1
174,4,776,701,155,110,1,1,1
174,5,1156,641,140,122,1,1,1
174,6,1300,749,132,152,1,1,1
174,7,1097,835,173,104,1,1,1
174,8,982,692,144,88,1,1,1
174,9,861,532,149,188,1,1,1
174,10,1179,772,93,117,1,1,1
175,1,1346,668,165,72,1,1,1
175,2,1284,997,163,73,1,1,1
175,3,1407,683,124,119,1,1,1
175,4,779,701,155,110,1,1,1
175,5,1158,639,140,122,1,1,1
175,6,1296,748,139,159,1,1,1
175,7,1090,833,182,109,1,1,1
175,8,982,689,152,93,1,1,1
175,9,865,534,149,188,1,1,1
175,10,1180,773,93,117,1,1,1
176,1,1355,675,165,72,1,1,1
176,2,1278,993,171,77,1,1,1
176,3,1407,687,124,119,1,1,1
176,4,779,700,155,110,1,1,1
176,5,1161,644,140,122,1,1,1
176,6,1295,751,139,159,1,1,1
176,7,1089,834,182,109,1,1,1
176,8,988,686,152,93,1,1,1
176,9,865,537,149,188,1,1,1
176,10,1182,778,93,117,1,1,1
177,1,1362,680,165,72,1,1,1
177,2,1270,991,180,80,1,1,1
177,3,1407,688,124,119,1,1,1
177,4,782,702,155,110,1,1,1
177,5,1163,647,140,122,1,1,1
177,6,1296,754,139,159,1,1,1
177,7,1082,834,191,115,1,1,1
177,8,994,685,152,93,1,1,1
177,9,865,538,149,188,1,1,1
177,10,1181,778,93,117,1,1,1
178,1,1329,577,123,189,1,1,1
178,2,1264,989,180,80,1,1,1
178,3,1442,695,91,153,1,1,1
178,4,781,699,155,110,1,1,1
178,5,1165,648,140,122,1,1,1
178,6,1297,754,139,159,1,1,1
178,7,1081,834,191,115,1,1,1
178,8,1003,686,152,93,1,1,1
178,9,865,540,149,188,1,1,1
178,10,1151,785,142,97,1,1,1
179,1,1338,585,123,189,1,1,1
179,2,1263,986,180,80,1,1,1
179,3,1440,697,91,153,1,1,1
179,4,784,701,155,110,1,1,1
179,5,1166,649,140,122,1,1,1
179,6,1298,754,139,159,1,1,1
179,7,1082,837,191,115,1,1,1
179,8,1008,685,159,97,1,1,1
179,9,864,542,149,188,1,1,1
179,10,1149,787,142,97,1,1,1
180,1,1343,591,123,189,1,1,1
180,2,1266,986,180,80,1,1,1
180,3,1441,698,91,153,1,1,1
180,4,788,703,155,110,1,1,1
180,5,1168,650,140,122,1,1,1
180,6,1296,758,139,159,1,1,1
180,7,1105,836,182,109,1,1,1
180,8,1010,687,159,97,1,1,1
180,9,863,540,149,188,1,1,1
180,10,1147,787,142,97,1,1,1
181,1,1348,595,123,189,1,1,1
181,2,1264,985,180,80,1,1,1
181,3,1441,699,91,153,1,1,1
181,4,789,704,155,110,1,1,1
181,5,1171,652,140,122,1,1,1
181,6,1296,761,139,159,1,1,1
181,7,1106,841,182,109,1,1,1
181,8,1021,686,159,97,1,1,1
181,9,859,539,149,188,1,1,1
181,10,1147,785,142,97,1,1,1
182,1,1352,601,123,189,1,1,1
182,2,1260,983,180,80,1,1,1
182,3,1441,700,91,153,1,1,1
182,4,794,706,155,110,1,1,1
182,5,1173,657,140,122,1,1,1
182,6,1293,764,139,159,1,1,1
182,7,1108,844,182,109,1,1,1
182,8,1026,687,159,97,1,1,1
182,9,859,539,149,188,1,1,1
182,10,1145,787,142,97,1,1,1
183,1,1356,605,123,189,1,1,1
183,2,1259,982,180,80,1,1,1
183,3,1443,703,91,153,1,1,1
183,4,797,707,155,110,1,1,1
183,5,1175,658,140,122,1,1,1
183,6,1294,765,139,159,1,1,1
183,7,1110,846,182,109,1,1,1
183,8,1035,687,159,97,1,1,1
183,9,857,544,149,188,1,1,1
183,10,1145,788,142,97,1,1,1
184,1,1358,609,123,189,1,1,1
184,2,1265,980,180,80,1,1,1
184,3,1442,705,91,153,1,1,1
184,4,799,702,155,110,1,1,1
184,5,1176,659,140,122,1,1,1
184,6,1296,763,139,159,1,1,1
184,7,1119,849,173,104,1,1,1
184,8,1040,688,159,97,1,1,1
184,9,858,545,149,188,1,1,1
184,10,1144,787,142,97,1,1,1
185,1,1357,611,129,198,1,1,1
185,2,1262,975,189,85,1,1,1
185,3,1443,706,91,153,1,1,1
185,4,804,702,155,110,1,1,1
185,5,1177,661,140,122,1,1,1
185,6,1295,766,139,159,1,1,1
185,7,1120,849,173,104,1,1,1
185,8,1048,689,159,97,1,1,1
185,9,863,551,142,179,1,1,1
185,10,1142,785,142,97,1,1,1
186,1,1360,612,129,198,1,1,1
186,2,1267,976,189,85,1,1,1
186,3,1440,705,96,161,1,1,1
186,4,804,699,163,115,1,1,1
186,5,1177,664,140,122,1,1,1
186,6,1296,767,139,159,1,1,1
186,7,1122,848,173,104,1,1,1
186,8,1051,689,167,102,1,1,1
186,9,869,553,135,171,1,1,1
186,10,1140,787,142,97,1,1,1
187,1,1362,620,129,198,1,1,1
187,2,1270,975,189,85,1,1,1
187,3,1443,711,91,153,1,1,1
187,4,809,696,163,115,1,1,1
187,5,1179,666,140,122,1,1,1
187,6,1293,770,139,159,1,1,1
187,7,1124,847,173,104,1,1,1
187,8,1061,690,167,102,1,1,1
187,9,874,559,129,162,1,1,1
187,10,1139,787,142,97,1,1,1
188,1,1365,624,129,198,1,1,1
188,2,1265,974,189,85,1,1,1
188,3,1449,717,87,146,1,1,1
188,4,815,699,163,115,1,1,1
188,5,1180,668,140,122,1,1,1
188,6,1297,773,132,152,1,1,1
188,7,1123,848,173,104,1,1,1
188,8,1069,694,167,102,1,1,1
188,9,884,580,129,162,1,1,1
188,10,1138,786,142,97,1,1,1
189,1,1366,629,129,198,1,1,1
189,2,1268,974,189,85,1,1,1
189,3,1453,724,83,139,1,1,1
189,4,820,703,163,115,1,1,1
189,5,1184,672,140,122,1,1,1
189,6,1299,774,132,152,1,1,1
189,7,1126,848,173,104,1,1,1
189,8,1068,692,176,107,1,1,1
189,9,891,584,129,162,1,1,1
189,10,1141,786,142,97,1,1,1
190,1,1370,628,129,198,1,1,1
190,2,1271,971,189,85,1,1,1
190,3,1454,726,83,139,1,1,1
190,4,827,706,163,115,1,1,1
190,5,1188,672,140,122,1,1,1
190,6,1298,781,132,152,1,1,1
190,7,1121,831,182,109,1,1,1
190,8,1075,695,167,102,1,1,1
190,9,893,586,129,162,1,1,1
190,10,1141,788,142,97,1,1,1
191,1,1372,633,129,198,1,1,1
191,2,1274,972,189,85,1,1,1
191,3,1455,727,83,139,1,1,1
191,4,833,708,163,115,1,1,1
191,5,1192,673,140,122,1,1,1
191,6,1300,782,132,152,1,1,1
191,7,1122,824,182,109,1,1,1
191,8,1080,698,167,102,1,1,1
191,9,892,589,135,171,1,1,1
191,10,1141,787,142,97,1,1,1
192,1,1374,632,129,198,1,1,1
192,2,1277,971,180,80,1,1,1
192,3,1455,728,83,139,1,1,1
192,4,842,712,155,110,1,1,1
192,5,1197,676,140,122,1,1,1
192,6,1300,785,132,152,1,1,1
192,7,1123,821,182,109,1,1,1
192,8,1082,698,167,102,1,1,1
192,9,903,586,135,171,1,1,1
192,10,1144,788,142,97,1,1,1
193,1,1379,644,129,198,1,1,1
193,2,1231,902,138,139,1,1,1
193,3,1456,740,79,132,1,1,1
193,4,844,715,155,110,1,1,1
193,5,1208,664,140,122,1,1,1
193,6,1299,784,132,152,1,1,1
193,7,1098,847,182,109,1,1,1
193,8,1051,693,159,97,1,1,1
193,9,908,590,129,126,1,1,1
193,10,1145,787,142,66,1,1,1
194,1,1382,643,129,198,1,1,1
194,2,1226,902,138,139,1,1,1
194,3,1456,745,79,132,1,1,1
194,4,847,719,155,110,1,1,1
194,5,1202,672,140,122,1,1,1
194,6,1299,784,132,152,1,1,1
194,7,1092,847,182,109,1,1,1
194,8,1069,693,159,97,1,1,1
194,9,914,595,129,126,1,1,1
194,10,1141,789,142,66,1,1,1
195,1,1390,672,129,198,1,1,1
195,2,1228,900,138,139,1,1,1
195,3,1454,752,79,132,1,1,1
195,4,854,723,148,105,1,1,1
195,5,1205,674,140,122,1,1,1
195,6,1302,779,132,152,1,1,1
195,7,1095,844,182,109,1,1,1
195,8,1076,693,159,97,1,1,1
195,9,918,597,129,126,1,1,1
195,10,1143,789,142,66,1,1,1
196,1,1392,678,129,198,1,1,1
196,2,1226,897,138,139,1,1,1
196,3,1452,759,79,132,1,1,1
196,4,853,723,155,110,1,1,1
196,5,1208,674,140,122,1,1,1
196,6,1302,778,132,152,1,1,1
196,7,1100,844,182,109,1,1,1
196,8,1081,695,159,97,1,1,1
196,9,920,597,129,126,1,1,1
196,10,1139,787,149,69,1,1,1
197,1,1393,682,129,198,1,1,1
197,2,1228,896,138,139,1,1,1
197,3,1451,765,79,132,1,1,1
197,4,857,727,155,110,1,1,1
197,5,1210,675,140,122,1,1,1
197,6,1305,773,132,152,1,1,1
197,7,1098,843,182,109,1,1,1
197,8,1084,695,159,97,1,1,1
197,9,924,600,129,126,1,1,1
197,10,1139,787,149,69,1,1,1
198,1,1394,686,129,198,1,1,1
198,2,1222,894,145,146,1,1,1
198,3,1450,771,79,132,1,1,1
198,4,857,731,163,115,1,1,1
198,5,1213,677,140,122,1,1,1
198,6,1307,768,132,152,1,1,1
198,7,1100,843,182,109,1,1,1
198,8,1087,695,159,97,1,1,1
198,9,928,603,129,126,1,1,1
198,10,1140,786,149,69,1,1,1
199,1,1395,691,129,198,1,1,1
199,2,1223,894,145,146,1,1,1
199,3,1450,777,79,132,1,1,1
199,4,860,732,163,115,1,1,1
199,5,1215,677,140,122,1,1,1
199,6,1308,779,126,144,1,1,1
199,7,1100,845,182,109,1,1,1
199,8,1092,692,159,97,1,1,1
199,9,933,606,129,126,1,1,1
199,10,1139,787,149,69,1,1,1
200,1,1399,701,79,189,1,1,1
200,2,1224,893,145,146,1,1,1
200,3,1466,758,62,132,1,1,1
200,4,858,730,171,121,1,1,1
200,5,1218,678,140,122,1,1,1
200,6,1309,781,126,144,1,1,1
200,7,1099,843,182,109,1,1,1
200,8,1088,687,167,102,1,1,1
200,9,939,607,129,126,1,1,1
200,10,1142,790,149,69,1,1,1
201,1,1408,708,79,189,1,1,1
201,2,1218,896,145,146,1,1,1
201,3,1463,767,62,132,1,1,1
201,4,860,732,171,121,1,1,1
201,5,1219,681,140,122,1,1,1
201,6,1305,782,126,144,1,1,1
201,7,1105,841,182,109,1,1,1
201,8,1093,686,167,102,1,1,1
201,9,941,607,129,126,1,1,1
201,10,1141,791,149,69,1,1,1
202,1,1410,711,79,189,1,1,1
202,2,1217,904,145,146,1,1,1
202,3,1464,770,62,132,1,1,1
202,4,864,730,171,121,1,1,1
202,5,1220,680,140,122,1,1,1
202,6,1303,786,126,144,1,1,1
202,7,1106,840,182,109,1,1,1
202,8,1096,687,167,102,1,1,1
202,9,946,610,129,126,1,1,1
202,10,1141,792,149,69,1,1,1
203,1,1411,717,79,189,1,1,1
203,2,1217,901,145,146,1,1,1
203,3,1462,769,65,139,1,1,1
203,4,870,733,171,121,1,1,1
203,5,1224,682,140,122,1,1,1
203,6,1303,787,126,144,1,1,1
203,7,1102,844,182,109,1,1,1
203,8,1097,685,167,102,1,1,1
203,9,951,610,129,126,1,1,1
203,10,1140,792,149,69,1,1,1
204,1,1414,721,79,189,1,1,1
204,2,1211,897,145,146,1,1,1
204,3,1461,772,65,139,1,1,1
204,4,875,734,171,121,1,1,1
204,5,1226,684,140,122,1,1,1
204,6,1301,788,126,144,1,1,1
204,7,1100,844,182,109,1,1,1
204,8,1099,686,167,102,1,1,1
204,9,953,612,129,126,1,1,1
204,10,1142,795,149,69,1,1,1
205,1,1416,724,63,189,1,1,1
205,2,1246,836,64,146,1,1,1
205,3,1485,775,41,139,1,1,1
205,4,866,731,163,115,1,1,1
205,5,1255,684,110,122,1,1,1
205,6,1339,813,80,144,1,1,1
205,7,1090,850,159,97,1,1,1
205,8,1102,685,134,102,1,1,1
205,9,946,644,129,87,1,1,1
205,10,1139,797,149,68,1,1,1
206,1,1423,726,63,189,1,1,1
206,2,1244,831,64,146,1,1,1
206,3,1485,772,41,139,1,1,1
206,4,887,737,163,115,1,1,1
206,5,1256,690,110,122,1,1,1
206,6,1340,814,80,144,1,1,1
206,7,1068,855,159,97,1,1,1
206,8,1114,690,134,102,1,1,1
206,9,957,647,129,87,1,1,1
206,10,1141,801,149,68,1,1,1
207,1,1426,731,63,189,1,1,1
207,2,1246,827,64,146,1,1,1
207,3,1483,779,41,139,1,1,1
207,4,889,740,163,115,1,1,1
207,5,1258,691,110,122,1,1,1
207,6,1340,817,80,144,1,1,1
207,7,1065,856,159,97,1,1,1
207,8,1117,692,134,102,1,1,1
207,9,961,648,129,87,1,1,1
207,10,1141,800,149,68,1,1,1
208,1,1427,734,63,189,1,1,1
208,2,1246,821,67,153,1,1,1
208,3,1483,779,41,139,1,1,1
208,4,887,736,171,121,1,1,1
208,5,1261,693,110,122,1,1,1
208,6,1341,815,80,144,1,1,1
208,7,1063,857,159,97,1,1,1
208,8,1120,691,134,102,1,1,1
208,9,963,649,129,87,1,1,1
208,10,1145,800,149,68,1,1,1
209,1,1427,740,63,189,1,1,1
209,2,1246,822,67,153,1,1,1
209,3,1483,782,41,139,1,1,1
209,4,886,737,171,121,1,1,1
209,5,1263,692,110,122,1,1,1
209,6,1343,816,80,144,1,1,1
209,7,1063,856,159,97,1,1,1
209,8,1121,692,134,102,1,1,1
209,9,967,649,129,87,1,1,1
209,10,1145,800,149,68,1,1,1
210,1,1429,744,63,189,1,1,1
210,2,1246,821,67,153,1,1,1
210,3,1482,783,41,139,1,1,1
210,4,886,737,171,121,1,1,1
210,5,1265,694,110,122,1,1,1
210,6,1344,820,76,137,1,1,1
210,7,1062,855,159,97,1,1,1
210,8,1127,694,128,97,1,1,1
210,9,972,650,129,87,1,1,1
210,10,1145,800,149,68,1,1,1
211,1,1430,752,63,189,1,1,1
211,2,1249,815,67,153,1,1,1
211,3,1478,794,41,139,1,1,1
211,4,887,736,171,121,1,1,1
211,5,1268,696,110,122,1,1,1
211,6,1344,822,76,137,1,1,1
211,7,1061,856,159,97,1,1,1
211,8,1128,695,128,97,1,1,1
211,9,978,652,129,87,1,1,1
211,10,1146,800,149,68,1,1,1
212,1,1432,755,63,189,1,1,1
212,2,1251,810,67,153,1,1,1
212,3,1477,797,41,139,1,1,1
212,4,890,738,171,121,1,1,1
212,5,1271,698,110,122,1,1,1
212,6,1345,822,76,137,1,1,1
212,7,1062,853,159,97,1,1,1
212,8,1129,695,128,97,1,1,1
212,9,983,652,129,87,1,1,1
212,10,1147,800,149,68,1,1,1
213,1,1432,761,63,189,1,1,1
213,2,1259,810,64,146,1,1,1
213,3,1472,796,43,146,1,1,1
213,4,892,739,171,121,1,1,1
213,5,1277,703,110,122,1,1,1
213,6,1346,822,76,137,1,1,1
213,7,1060,852,159,97,1,1,1
213,8,1130,696,128,97,1,1,1
213,9,987,653,129,87,1,1,1
213,10,1146,802,149,68,1,1,1
214,1,1434,769,60,180,1,1,1
214,2,1258,809,64,146,1,1,1
214,3,1472,800,43,146,1,1,1
214,4,892,740,171,121,1,1,1
214,5,1281,706,110,122,1,1,1
214,6,1345,825,76,137,1,1,1
214,7,1057,851,159,97,1,1,1
214,8,1132,694,128,97,1,1,1
214,9,995,656,123,83,1,1,1
214,10,1144,802,149,68,1,1,1
215,1,1436,778,57,171,1,1,1
215,2,1261,802,64,146,1,1,1
215,3,1467,797,45,153,1,1,1
215,4,890,739,171,121,1,1,1
215,5,1288,711,110,122,1,1,1
215,6,1343,832,76,137,1,1,1
215,7,1048,854,159,97,1,1,1
215,8,1132,691,128,97,1,1,1
215,9,1000,655,123,83,1,1,1
215,10,1145,803,149,68,1,1,1
216,1,1436,782,57,171,1,1,1
216,2,1265,800,61,139,1,1,1
216,3,1462,792,47,161,1,1,1
216,4,892,740,171,121,1,1,1
216,5,1292,718,110,122,1,1,1
216,6,1343,837,76,137,1,1,1
216,7,1042,853,167,102,1,1,1
216,8,1130,690,128,97,1,1,1
216,9,1003,656,123,83,1,1,1
216,10,1144,800,149,68,1,1,1
217,1,1438,786,57,171,1,1,1
217,2,1264,801,61,139,1,1,1
217,3,1480,808,45,153,1,1,1
217,4,896,740,171,121,1,1,1
217,5,1296,721,110,122,1,1,1
217,6,1342,842,76,137,1,1,1
217,7,1031,852,167,102,1,1,1
217,8,1129,690,128,97,1,1,1
217,9,1007,658,123,83,1,1,1
217,10,1143,799,149,68,1,1,1
218,1,1437,791,57,171,1,1,1
218,2,1271,795,61,139,1,1,1
218,3,1476,804,45,153,1,1,1
218,4,899,744,171,121,1,1,1
218,5,1298,728,110,122,1,1,1
218,6,1341,843,76,137,1,1,1
218,7,1021,854,167,102,1,1,1
218,8,1131,689,128,97,1,1,1
218,9,1012,659,123,83,1,1,1
218,10,1140,798,149,68,1,1,1
219,1,1438,797,57,171,1,1,1
219,2,1253,830,103,69,1,1,1
219,3,1477,805,45,153,1,1,1
219,4,906,749,163,115,1,1,1
219,5,1304,733,105,116,1,1,1
219,6,1342,840,76,137,1,1,1
219,7,1071,862,167,70,1,1,1
219,8,1132,686,128,97,1,1,1
219,9,1008,656,123,83,1,1,1
219,10,1141,798,149,68,1,1,1
220,1,1437,802,57,171,1,1,1
220,2,1259,827,103,69,1,1,1
220,3,1477,812,43,146,1,1,1
220,4,908,751,163,115,1,1,1
220,5,1312,740,105,116,1,1,1
220,6,1342,842,76,137,1,1,1
220,7,1068,866,167,70,1,1,1
220,8,1136,686,128,97,1,1,1
220,9,1006,653,129,87,1,1,1
220,10,1139,797,149,68,1,1,1
221,1,1438,806,57,171,1,1,1
221,2,1261,823,103,69,1,1,1
221,3,1474,809,45,153,1,1,1
221,4,912,751,163,115,1,1,1
221,5,1314,745,105,116,1,1,1
221,6,1340,847,76,137,1,1,1
221,7,1065,867,167,70,1,1,1
221,8,1138,686,128,97,1,1,1
221,9,998,651,135,91,1,1,1
221,10,1143,797,142,65,1,1,1
222,1,1436,810,57,171,1,1,1
222,2,1264,820,103,69,1,1,1
222,3,1472,804,47,161,1,1,1
222,4,915,754,163,115,1,1,1
222,5,1314,743,105,116,1,1,1
222,6,1339,847,76,137,1,1,1
222,7,1066,866,167,70,1,1,1
222,8,1138,688,128,97,1,1,1
222,9,999,651,135,91,1,1,1
222,10,1144,798,135,62,1,1,1
223,1,1437,816,57,171,1,1,1
223,2,1269,817,103,69,1,1,1
223,3,1472,805,50,169,1,1,1
223,4,917,757,163,115,1,1,1
223,5,1315,744,105,116,1,1,1
223,6,1340,849,76,137,1,1,1
223,7,1073,867,159,67,1,1,1
223,8,1138,688,128,97,1,1,1
223,9,998,649,135,91,1,1,1
223,10,1143,797,135,62,1,1,1
224,1,1437,824,54,163,1,1,1
224,2,1272,816,103,69,1,1,1
224,3,1470,806,50,169,1,1,1
224,4,921,760,163,115,1,1,1
224,5,1318,747,105,116,1,1,1
224,6,1339,849,76,137,1,1,1
224,7,1077,869,159,67,1,1,1
224,8,1137,685,134,102,1,1,1
224,9,989,648,135,91,1,1,1
224,10,1141,799,135,62,1,1,1
225,1,1439,833,52,155,1,1,1
225,2,1274,814,108,72,1,1,1
225,3,1468,806,50,169,1,1,1
225,4,922,762,163,115,1,1,1
225,5,1321,750,105,116,1,1,1
225,6,1340,852,76,137,1,1,1
225,7,1081,870,159,67,1,1,1
225,8,1137,686,134,102,1,1,1
225,9,998,648,135,91,1,1,1
225,10,1134,795,142,65,1,1,1
226,1,1439,837,52,155,1,1,1
226,2,1275,812,108,72,1,1,1
226,3,1470,808,50,169,1,1,1
226,4,927,763,163,115,1,1,1
226,5,1319,748,105,116,1,1,1
226,6,1337,859,76,137,1,1,1
226,7,1093,870,159,67,1,1,1
226,8,1139,686,134,102,1,1,1
226,9,994,648,142,96,1,1,1
226,10,1132,793,142,65,1,1,1
227,1,1439,841,52,155,1,1,1
227,2,1273,811,114,76,1,1,1
227,3,1468,812,47,161,1,1,1
227,4,930,767,163,115,1,1,1
227,5,1322,753,100,110,1,1,1
227,6,1337,860,76,137,1,1,1
227,7,1096,868,159,67,1,1,1
227,8,1136,683,134,102,1,1,1
227,9,992,645,149,101,1,1,1
227,10,1131,793,142,65,1,1,1
228,1,1438,845,52,155,1,1,1
228,2,1273,810,119,80,1,1,1
228,3,1468,816,45,153,1,1,1
228,4,935,771,155,110,1,1,1
228,5,1328,757,95,105,1,1,1
228,6,1335,864,76,137,1,1,1
228,7,1098,868,159,67,1,1,1
228,8,1139,681,134,102,1,1,1
228,9,996,644,149,101,1,1,1
228,10,1132,794,142,65,1,1,1
229,1,1436,844,54,163,1,1,1
229,2,1274,809,119,80,1,1,1
229,3,1469,818,45,153,1,1,1
229,4,944,786,155,110,1,1,1
229,5,1329,758,95,105,1,1,1
229,6,1331,865,80,144,1,1,1
229,7,1101,868,159,67,1,1,1
229,8,1136,676,141,107,1,1,1
229,9,1001,646,142,96,1,1,1
229,10,1136,796,142,65,1,1,1
230,1,1436,849,54,163,1,1,1
230,2,1275,810,119,80,1,1,1
230,3,1470,820,43,146,1,1,1
230,4,952,794,155,110,1,1,1
230,5,1329,760,95,105,1,1,1
230,6,1329,871,80,144,1,1,1
230,7,1104,866,159,67,1,1,1
230,8,1138,681,141,107,1,1,1
230,9,1004,641,149,101,1,1,1
230,10,1149,802,135,62,1,1,1
231,1,1435,849,57,171,1,1,1
231,2,1274,805,125,84,1,1,1
231,3,1472,826,41,139,1,1,1
231,4,956,795,155,110,1,1,1
231,5,1331,763,95,105,1,1,1
231,6,1328,872,80,144,1,1,1
231,7,1108,865,159,67,1,1,1
231,8,1139,680,141,107,1,1,1
231,9,1011,641,142,96,1,1,1
231,10,1154,802,135,62,1,1,1
232,1,1434,853,57,171,1,1,1
232,2,1280,807,119,80,1,1,1
232,3,1472,833,39,132,1,1,1
232,4,960,799,155,110,1,1,1
232,5,1332,764,95,105,1,1,1
232,6,1325,873,84,151,1,1,1
232,7,1107,863,159,67,1,1,1
232,8,1141,679,141,107,1,1,1
232,9,1017,642,135,91,1,1,1
232,10,1156,801,135,62,1,1,1
233,1,1434,860,54,163,1,1,1
233,2,1280,810,119,80,1,1,1
233,3,1471,820,41,139,1,1,1
233,4,961,801,155,110,1,1,1
233,5,1332,765,95,105,1,1,1
233,6,1322,876,84,151,1,1,1
233,7,1109,861,159,67,1,1,1
233,8,1140,680,141,107,1,1,1
233,9,1019,639,135,91,1,1,1
233,10,1157,799,135,62,1,1,1
234,1,1435,865,54,163,1,1,1
234,2,1255,798,114,76,1,1,1
234,3,1469,819,43,146,1,1,1
234,4,960,801,155,110,1,1,1
234,5,1335,771,95,105,1,1,1
234,6,1320,879,84,151,1,1,1
234,7,1112,859,159,67,1,1,1
234,8,1140,685,141,107,1,1,1
234,9,1036,637,129,87,1,1,1
234,10,1158,799,129,59,1,1,1
235,1,1430,879,52,155,1,1,1
235,2,1315,807,124,72,1,1,1
235,3,1485,827,43,146,1,1,1
235,4,990,734,70,176,1,1,1
235,5,1311,713,107,113,1,1,1
235,6,1323,872,84,151,1,1,1
235,7,1131,859,150,67,1,1,1
235,8,1136,605,110,148,1,1,1
235,9,1019,619,171,86,1,1,1
235,10,1160,799,129,59,1,1,1
236,1,1433,882,52,155,1,1,1
236,2,1327,806,124,72,1,1,1
236,3,1489,835,43,146,1,1,1
236,4,991,738,70,176,1,1,1
236,5,1323,724,107,113,1,1,1
236,6,1321,877,84,151,1,1,1
236,7,1146,858,150,67,1,1,1
236,8,1134,601,110,148,1,1,1
236,9,1034,625,171,86,1,1,1
236,10,1162,800,123,56,1,1,1
237,1,1432,884,52,155,1,1,1
237,2,1330,806,124,72,1,1,1
237,3,1492,838,43,146,1,1,1
237,4,993,739,70,176,1,1,1
237,5,1325,728,107,113,1,1,1
237,6,1322,877,84,151,1,1,1
237,7,1156,859,143,64,1,1,1
237,8,1131,594,110,148,1,1,1
237,9,1040,624,171,86,1,1,1
237,10,1162,801,129,59,1,1,1
238,1,1431,888,52,155,1,1,1
238,2,1331,806,124,72,1,1,1
238,3,1494,844,43,146,1,1,1
238,4,993,739,70,176,1,1,1
238,5,1327,732,107,113,1,1,1
238,6,1320,879,84,151,1,1,1
238,7,1161,858,143,64,1,1,1
238,8,1130,592,110,148,1,1,1
238,9,1043,624,171,86,1,1,1
238,10,1163,802,129,59,1,1,1
239,1,1430,891,52,155,1,1,1
239,2,1331,804,130,76,1,1,1
239,3,1495,847,43,146,1,1,1
239,4,993,735,74,185,1,1,1
239,5,1331,735,107,113,1,1,1
239,6,1318,881,84,151,1,1,1
239,7,1163,856,143,64,1,1,1
239,8,1131,589,110,148,1,1,1
239,9,1049,626,171,86,1,1,1
239,10,1164,802,129,59,1,1,1
240,1,1429,895,52,155,1,1,1
240,2,1330,803,137,79,1,1,1
240,3,1497,855,41,139,1,1,1
240,4,995,734,74,185,1,1,1
240,5,1331,737,107,113,1,1,1
240,6,1318,884,84,151,1,1,1
240,7,1166,856,143,64,1,1,1
240,8,1127,586,115,155,1,1,1
240,9,1054,627,171,86,1,1,1
240,10,1161,799,135,62,1,1,1
241,1,1427,899,52,155,1,1,1
241,2,1334,802,137,79,1,1,1
241,3,1499,858,39,132,1,1,1
241,4,994,733,74,185,1,1,1
241,5,1334,741,107,113,1,1,1
241,6,1317,888,84,151,1,1,1
241,7,1172,856,143,64,1,1,1
241,8,1127,579,115,155,1,1,1
241,9,1060,629,171,86,1,1,1
241,10,1163,801,135,62,1,1,1
242,1,1426,904,52,155,1,1,1
242,2,1341,797,130,76,1,1,1
242,3,1501,863,39,132,1,1,1
242,4,996,734,74,185,1,1,1
242,5,1326,719,107,113,1,1,1
242,6,1314,888,88,159,1,1,1
242,7,1169,858,143,64,1,1,1
242,8,1134,575,115,155,1,1,1
242,9,1059,595,114,121,1,1,1
242,10,1164,800,135,62,1,1,1
243,1,1427,910,50,148,1,1,1
243,2,1343,795,130,76,1,1,1
243,3,1503,868,39,132,1,1,1
243,4,999,735,74,185,1,1,1
243,5,1340,736,107,113,1,1,1
243,6,1313,888,88,159,1,1,1
243,7,1167,859,143,64,1,1,1
243,8,1124,570,115,155,1,1,1
243,9,1070,602,114,121,1,1,1
243,10,1164,800,135,62,1,1,1
